    -9.80000      0.00000
    -9.40000      0.00000
    -9.00000      0.00000
    -8.60000      0.00000
    -8.20000      0.00000
    -7.80000      0.00000
    -7.40000      5.00000
    -7.00000      0.00000
    -6.60000      7.50000
    -6.20000     12.50000
    -5.80000     25.00000
    -5.40000     65.00000
    -5.00000     67.50000
    -4.60000    102.50000
    -4.20000    125.00000
    -3.80000    162.50000
    -3.40000    185.00000
    -3.00000    232.50000
    -2.60000    245.00000
    -2.20000    270.00000
    -1.80000    347.50000
    -1.40000    322.50000
    -1.00000    317.50000
    -0.60000    280.00000
    -0.20000    272.50000
     0.20000    302.50000
     0.60000    325.00000
     1.00000    322.50000
     1.40000    337.50000
     1.80000    362.50000
     2.20000    272.50000
     2.60000    227.50000
     3.00000    190.00000
     3.40000    190.00000
     3.80000    162.50000
     4.20000    132.50000
     4.60000    107.50000
     5.00000     62.50000
     5.40000     50.00000
     5.80000     35.00000
     6.20000      2.50000
     6.60000      7.50000
     7.00000      2.50000
     7.40000      2.50000
     7.80000      2.50000
     8.20000      0.00000
     8.60000      0.00000
     9.00000      0.00000
     9.40000      0.00000
     9.80000      0.00000
 after hadron evolution
    -9.80000      0.00000
    -9.40000      0.00000
    -9.00000      0.00000
    -8.60000      0.00000
    -8.20000      0.00000
    -7.80000      0.00000
    -7.40000     10.00000
    -7.00000      2.50000
    -6.60000      5.00000
    -6.20000     20.00000
    -5.80000     27.50000
    -5.40000     60.00000
    -5.00000    105.00000
    -4.60000    165.00000
    -4.20000    200.00000
    -3.80000    260.00000
    -3.40000    350.00000
    -3.00000    355.00000
    -2.60000    450.00000
    -2.20000    482.50000
    -1.80000    582.50000
    -1.40000    552.50000
    -1.00000    555.00000
    -0.60000    560.00000
    -0.20000    565.00000
     0.20000    577.50000
     0.60000    510.00000
     1.00000    597.50000
     1.40000    532.50000
     1.80000    590.00000
     2.20000    420.00000
     2.60000    377.50000
     3.00000    345.00000
     3.40000    300.00000
     3.80000    247.50000
     4.20000    215.00000
     4.60000    157.50000
     5.00000    100.00000
     5.40000     72.50000
     5.80000     27.50000
     6.20000     12.50000
     6.60000      5.00000
     7.00000      0.00000
     7.40000      7.50000
     7.80000      2.50000
     8.20000      0.00000
     8.60000      0.00000
     9.00000      0.00000
     9.40000      0.00000
     9.80000      0.00000
