 after hadron evolution
     0.02500    191.47964
     0.07500    174.26764
     0.12500    112.33568
     0.17500    104.28856
     0.22500     41.01852
     0.27500     64.74129
     0.32500     24.37120
     0.37500     34.37151
     0.42500     43.66491
     0.47500     20.96546
     0.52500     19.61420
     0.57500     28.03560
     0.62500     18.03475
     0.67500     42.89118
     0.72500     40.99040
     0.77500      7.75722
     0.82500      7.65281
     0.87500      7.34773
     0.92500     14.22338
     0.97500      6.86970
     1.07500      6.26183
     1.47500     10.15009
     1.77500      4.45244
     2.32500      3.52761
