    -9.80000      0.00000
    -9.40000      0.00000
    -9.00000      0.00000
    -8.60000      0.00000
    -8.20000      0.00000
    -7.80000      0.00000
    -7.40000      0.00000
    -7.00000      0.00000
    -6.60000      0.00000
    -6.20000      0.00000
    -5.80000      0.00000
    -5.40000      5.00000
    -5.00000     20.00000
    -4.60000     45.00000
    -4.20000     40.00000
    -3.80000     65.00000
    -3.40000     82.50000
    -3.00000    102.50000
    -2.60000    142.50000
    -2.20000    122.50000
    -1.80000    165.00000
    -1.40000    155.00000
    -1.00000    172.50000
    -0.60000    155.00000
    -0.20000    190.00000
     0.20000    195.00000
     0.60000    212.50000
     1.00000    187.50000
     1.40000    162.50000
     1.80000    170.00000
     2.20000    120.00000
     2.60000     90.00000
     3.00000     95.00000
     3.40000     77.50000
     3.80000     87.50000
     4.20000     55.00000
     4.60000     15.00000
     5.00000     15.00000
     5.40000      0.00000
     5.80000      0.00000
     6.20000      0.00000
     6.60000      0.00000
     7.00000      0.00000
     7.40000      0.00000
     7.80000      0.00000
     8.20000      0.00000
     8.60000      0.00000
     9.00000      0.00000
     9.40000      0.00000
     9.80000      0.00000
 after hadron evolution
    -9.80000      0.00000
    -9.40000      0.00000
    -9.00000      0.00000
    -8.60000      0.00000
    -8.20000      0.00000
    -7.80000      0.00000
    -7.40000      0.00000
    -7.00000      0.00000
    -6.60000      0.00000
    -6.20000      0.00000
    -5.80000      5.00000
    -5.40000     15.00000
    -5.00000     17.50000
    -4.60000     77.50000
    -4.20000     62.50000
    -3.80000     97.50000
    -3.40000    137.50000
    -3.00000    162.50000
    -2.60000    202.50000
    -2.20000    252.50000
    -1.80000    292.50000
    -1.40000    280.00000
    -1.00000    307.50000
    -0.60000    322.50000
    -0.20000    335.00000
     0.20000    350.00000
     0.60000    302.50000
     1.00000    335.00000
     1.40000    282.50000
     1.80000    295.00000
     2.20000    190.00000
     2.60000    137.50000
     3.00000    182.50000
     3.40000    132.50000
     3.80000    125.00000
     4.20000     87.50000
     4.60000     30.00000
     5.00000     30.00000
     5.40000      7.50000
     5.80000      0.00000
     6.20000      0.00000
     6.60000      0.00000
     7.00000      0.00000
     7.40000      0.00000
     7.80000      0.00000
     8.20000      0.00000
     8.60000      0.00000
     9.00000      0.00000
     9.40000      0.00000
     9.80000      0.00000
