    -9.80000      0.00000
    -9.40000      0.00000
    -9.00000      0.00000
    -8.60000      0.00000
    -8.20000      0.00000
    -7.80000      0.00000
    -7.40000      0.00000
    -7.00000      0.00000
    -6.60000      2.50000
    -6.20000      0.00000
    -5.80000      5.00000
    -5.40000      2.50000
    -5.00000      7.50000
    -4.60000      5.00000
    -4.20000     12.50000
    -3.80000     22.50000
    -3.40000     22.50000
    -3.00000     35.00000
    -2.60000     50.00000
    -2.20000     57.50000
    -1.80000    105.00000
    -1.40000     70.00000
    -1.00000     57.50000
    -0.60000     72.50000
    -0.20000     60.00000
     0.20000     90.00000
     0.60000     87.50000
     1.00000     65.00000
     1.40000     65.00000
     1.80000     70.00000
     2.20000     65.00000
     2.60000     57.50000
     3.00000     47.50000
     3.40000     25.00000
     3.80000     22.50000
     4.20000     20.00000
     4.60000     15.00000
     5.00000     12.50000
     5.40000      5.00000
     5.80000      2.50000
     6.20000      0.00000
     6.60000      0.00000
     7.00000      0.00000
     7.40000      0.00000
     7.80000      0.00000
     8.20000      0.00000
     8.60000      0.00000
     9.00000      0.00000
     9.40000      0.00000
     9.80000      0.00000
 after hadron evolution
    -9.80000      0.00000
    -9.40000      0.00000
    -9.00000      0.00000
    -8.60000      0.00000
    -8.20000      0.00000
    -7.80000      0.00000
    -7.40000      0.00000
    -7.00000      0.00000
    -6.60000      2.50000
    -6.20000      0.00000
    -5.80000     15.00000
    -5.40000     12.50000
    -5.00000     25.00000
    -4.60000     40.00000
    -4.20000     62.50000
    -3.80000     97.50000
    -3.40000     97.50000
    -3.00000    182.50000
    -2.60000    222.50000
    -2.20000    220.00000
    -1.80000    312.50000
    -1.40000    257.50000
    -1.00000    282.50000
    -0.60000    322.50000
    -0.20000    307.50000
     0.20000    365.00000
     0.60000    300.00000
     1.00000    305.00000
     1.40000    310.00000
     1.80000    275.00000
     2.20000    232.50000
     2.60000    180.00000
     3.00000    162.50000
     3.40000    127.50000
     3.80000    115.00000
     4.20000     75.00000
     4.60000     80.00000
     5.00000     30.00000
     5.40000     15.00000
     5.80000      7.50000
     6.20000      0.00000
     6.60000      0.00000
     7.00000      0.00000
     7.40000      0.00000
     7.80000      0.00000
     8.20000      0.00000
     8.60000      0.00000
     9.00000      0.00000
     9.40000      0.00000
     9.80000      0.00000
