    -9.80000      0.00000
    -9.40000      0.00000
    -9.00000      0.00000
    -8.60000      0.00000
    -8.20000      0.00000
    -7.80000      0.00000
    -7.40000      0.00000
    -7.00000      0.00000
    -6.60000      0.00000
    -6.20000      2.50000
    -5.80000      0.00000
    -5.40000     12.50000
    -5.00000     42.50000
    -4.60000     92.50000
    -4.20000    115.00000
    -3.80000    135.00000
    -3.40000    177.50000
    -3.00000    205.00000
    -2.60000    265.00000
    -2.20000    245.00000
    -1.80000    342.50000
    -1.40000    335.00000
    -1.00000    345.00000
    -0.60000    362.50000
    -0.20000    367.50000
     0.20000    390.00000
     0.60000    425.00000
     1.00000    377.50000
     1.40000    352.50000
     1.80000    327.50000
     2.20000    272.50000
     2.60000    170.00000
     3.00000    202.50000
     3.40000    155.00000
     3.80000    185.00000
     4.20000    112.50000
     4.60000     67.50000
     5.00000     45.00000
     5.40000     12.50000
     5.80000      2.50000
     6.20000      0.00000
     6.60000      0.00000
     7.00000      0.00000
     7.40000      0.00000
     7.80000      0.00000
     8.20000      0.00000
     8.60000      0.00000
     9.00000      0.00000
     9.40000      0.00000
     9.80000      0.00000
 after hadron evolution
    -9.80000      0.00000
    -9.40000      0.00000
    -9.00000      0.00000
    -8.60000      0.00000
    -8.20000      0.00000
    -7.80000      0.00000
    -7.40000      0.00000
    -7.00000      0.00000
    -6.60000      2.50000
    -6.20000      2.50000
    -5.80000      7.50000
    -5.40000     27.50000
    -5.00000     50.00000
    -4.60000    135.00000
    -4.20000    177.50000
    -3.80000    235.00000
    -3.40000    302.50000
    -3.00000    345.00000
    -2.60000    435.00000
    -2.20000    465.00000
    -1.80000    590.00000
    -1.40000    597.50000
    -1.00000    595.00000
    -0.60000    635.00000
    -0.20000    705.00000
     0.20000    680.00000
     0.60000    625.00000
     1.00000    687.50000
     1.40000    537.50000
     1.80000    560.00000
     2.20000    412.50000
     2.60000    300.00000
     3.00000    360.00000
     3.40000    270.00000
     3.80000    265.00000
     4.20000    177.50000
     4.60000    127.50000
     5.00000     65.00000
     5.40000     25.00000
     5.80000      5.00000
     6.20000      0.00000
     6.60000      0.00000
     7.00000      0.00000
     7.40000      0.00000
     7.80000      0.00000
     8.20000      0.00000
     8.60000      0.00000
     9.00000      0.00000
     9.40000      0.00000
     9.80000      0.00000
