    -9.80000      0.00000
    -9.40000      0.00000
    -9.00000      0.00000
    -8.60000      0.00000
    -8.20000      0.00000
    -7.80000      0.00000
    -7.40000      0.00000
    -7.00000      0.00000
    -6.60000      0.00000
    -6.20000      0.00000
    -5.80000      0.00000
    -5.40000      2.50000
    -5.00000      5.00000
    -4.60000     27.50000
    -4.20000     15.00000
    -3.80000     37.50000
    -3.40000     25.00000
    -3.00000     35.00000
    -2.60000     65.00000
    -2.20000     67.50000
    -1.80000     85.00000
    -1.40000     67.50000
    -1.00000     67.50000
    -0.60000     72.50000
    -0.20000     72.50000
     0.20000     72.50000
     0.60000     70.00000
     1.00000     80.00000
     1.40000     70.00000
     1.80000     80.00000
     2.20000     57.50000
     2.60000     32.50000
     3.00000     42.50000
     3.40000     45.00000
     3.80000     42.50000
     4.20000     22.50000
     4.60000     12.50000
     5.00000     10.00000
     5.40000      0.00000
     5.80000      0.00000
     6.20000      0.00000
     6.60000      0.00000
     7.00000      0.00000
     7.40000      0.00000
     7.80000      0.00000
     8.20000      0.00000
     8.60000      0.00000
     9.00000      0.00000
     9.40000      0.00000
     9.80000      0.00000
 after hadron evolution
    -9.80000      0.00000
    -9.40000      0.00000
    -9.00000      0.00000
    -8.60000      0.00000
    -8.20000      0.00000
    -7.80000      0.00000
    -7.40000      0.00000
    -7.00000      0.00000
    -6.60000      0.00000
    -6.20000      0.00000
    -5.80000      5.00000
    -5.40000     15.00000
    -5.00000     17.50000
    -4.60000     67.50000
    -4.20000     60.00000
    -3.80000     92.50000
    -3.40000    112.50000
    -3.00000    127.50000
    -2.60000    167.50000
    -2.20000    212.50000
    -1.80000    237.50000
    -1.40000    212.50000
    -1.00000    247.50000
    -0.60000    242.50000
    -0.20000    275.00000
     0.20000    265.00000
     0.60000    245.00000
     1.00000    265.00000
     1.40000    247.50000
     1.80000    230.00000
     2.20000    150.00000
     2.60000    117.50000
     3.00000    160.00000
     3.40000    102.50000
     3.80000    117.50000
     4.20000     77.50000
     4.60000     30.00000
     5.00000     27.50000
     5.40000      7.50000
     5.80000      0.00000
     6.20000      0.00000
     6.60000      0.00000
     7.00000      0.00000
     7.40000      0.00000
     7.80000      0.00000
     8.20000      0.00000
     8.60000      0.00000
     9.00000      0.00000
     9.40000      0.00000
     9.80000      0.00000
