    -9.80000      0.00000
    -9.40000      0.00000
    -9.00000      0.00000
    -8.60000      0.00000
    -8.20000      0.00000
    -7.80000      0.00000
    -7.40000      0.00000
    -7.00000      0.00000
    -6.60000      0.00000
    -6.20000      2.50000
    -5.80000      0.00000
    -5.40000      5.00000
    -5.00000     10.00000
    -4.60000      7.50000
    -4.20000     15.00000
    -3.80000     30.00000
    -3.40000     32.50000
    -3.00000     45.00000
    -2.60000     47.50000
    -2.20000     42.50000
    -1.80000     72.50000
    -1.40000     77.50000
    -1.00000     62.50000
    -0.60000     80.00000
    -0.20000     55.00000
     0.20000     67.50000
     0.60000     75.00000
     1.00000     72.50000
     1.40000     82.50000
     1.80000     75.00000
     2.20000     70.00000
     2.60000     50.00000
     3.00000     52.50000
     3.40000     25.00000
     3.80000     27.50000
     4.20000     25.00000
     4.60000     15.00000
     5.00000     15.00000
     5.40000      2.50000
     5.80000      2.50000
     6.20000      0.00000
     6.60000      0.00000
     7.00000      0.00000
     7.40000      0.00000
     7.80000      0.00000
     8.20000      0.00000
     8.60000      0.00000
     9.00000      0.00000
     9.40000      0.00000
     9.80000      0.00000
 after hadron evolution
    -9.80000      0.00000
    -9.40000      0.00000
    -9.00000      0.00000
    -8.60000      0.00000
    -8.20000      0.00000
    -7.80000      0.00000
    -7.40000      0.00000
    -7.00000      0.00000
    -6.60000      2.50000
    -6.20000      2.50000
    -5.80000      2.50000
    -5.40000     12.50000
    -5.00000     20.00000
    -4.60000     30.00000
    -4.20000     67.50000
    -3.80000     97.50000
    -3.40000    135.00000
    -3.00000    130.00000
    -2.60000    157.50000
    -2.20000    150.00000
    -1.80000    220.00000
    -1.40000    252.50000
    -1.00000    207.50000
    -0.60000    247.50000
    -0.20000    285.00000
     0.20000    252.50000
     0.60000    235.00000
     1.00000    272.50000
     1.40000    192.50000
     1.80000    212.50000
     2.20000    175.00000
     2.60000    135.00000
     3.00000    132.50000
     3.40000     90.00000
     3.80000     95.00000
     4.20000     67.50000
     4.60000     65.00000
     5.00000     25.00000
     5.40000      5.00000
     5.80000      5.00000
     6.20000      0.00000
     6.60000      0.00000
     7.00000      0.00000
     7.40000      0.00000
     7.80000      0.00000
     8.20000      0.00000
     8.60000      0.00000
     9.00000      0.00000
     9.40000      0.00000
     9.80000      0.00000
