0
0
0
0
0
0
0
0
0
0
0
0
0
0
0
0
0
0
0
0
0
0
0
0
0.234866
0.159625
0.0750267
0.422787
0.118224
0.369567
0.565765
0.893504
0.566414
0.525518
0.30786
0.43764
0.155926
0.225322
0.321801
0.075505
1.63837
0.0762168
0.340472
0.889139
0.428803
0.501474
0.245082
0.765675
1.01024
1.47829
0.432042
0.859468
0.488194
0.382896
0.316787
0.377922
0.258805
0.17948
1.12116
0.333174
0.64109
0.284313
0.648853
0.157442
0.0460435
0.510416
1.17539
0.737033
0.201556
0.532001
0.821299
0.200998
0.85896
0.764493
0.771643
0.670144
0.130969
0.374433
0.504058
0.0898109
0.733736
0.615959
0.182439
0.177138
0.0727324
0.392237
0.122809
0.438143
0.440519
0.878483
0.958326
0.631373
0.831411
0.340577
0.39644
0.841833
1.36331
0.375033
0.171172
0.689313
0.644287
0.0478539
0.48956
0.253298
1.59886
0.67684
0.720831
0.902426
1.024
1.48195
0.676912
0.713685
0.136741
0.287628
0.869506
0.878714
0.0643273
0.422005
1.04237
0.353624
0.691942
0.376861
0.458246
0.646258
0.451399
0.197063
0.651966
0.427684
0.14904
0.4031
0.426185
0.262619
0.500354
0.207966
0.889627
0.102
0.327963
1.04743
0.0439659
0.224544
0.191343
0.125208
0.366771
0.681296
1.30384
0.313677
0.210288
1.39606
0.145031
0.662925
1.46337
0.307122
0.92947
0.418961
0.153847
0.555763
1.04011
0.482026
0.545249
1.41691
0.514806
0.453206
0.230235
1.69634
1.11088
1.07126
0.461577
0.213883
0.462082
0.715299
0.237952
0.393418
0.203148
0.879859
0.902009
0.309769
0.174591
0.331803
1.15494
0.750301
0.618813
0.129495
1.0189
0.847719
0.754788
0.331405
0.276089
0.819688
0.533295
1.45793
0.292611
0.254401
0.0764003
0.332794
0.223987
0.086977
0.266327
1.3884
1.76603
0.326198
0.436165
1.19571
0.214947
0.819469
0.679354
1.50814
0.435036
0.21422
1.06938
0.453795
0.414654
1.64021
0.225222
0.432256
0.296978
1.88753
0.117593
0.673083
0.145908
0.274235
1.10396
0.341259
0.209745
0.220493
0.23282
0.0934345
0.848736
0.0386005
0.466181
0.638095
0.839836
0.370844
0.774677
0.397398
0.718426
1.18806
1.57268
1.24741
0.429107
0.672309
0.41105
1.63087
1.06415
0.29165
0.136125
0.596185
0.395841
0.591592
0.579974
0.184011
0.277613
1.41417
0.436771
0.593334
0.391879
1.01191
0.404268
0.472149
0.363639
0.125132
0.318446
0.596934
0.540656
0.152053
0.725461
0.399081
0.76754
0.207781
0.892068
0.218449
0.570853
0.115974
0.179201
0.0396611
0.506961
0.661876
0.497695
0.520212
0.874383
0.598021
0.0676018
0.80984
0.0294109
0.0521536
0.352525
0.483513
0.627013
1.43437
0.37609
0.60959
0.695388
0.137033
0.586376
0.489884
0.187003
0.503727
0.151427
1.05417
0.423027
1.15819
0.637715
0.113864
0.179075
0.750297
1.21708
0.975373
0.799051
0.191086
0.238516
0.518611
0.64569
0.591405
0.90208
0.0943398
1.08201
0.617429
0.172244
0.482943
1.37943
0.931005
0.441553
0.702385
1.06728
0.146697
0.7245
0.481503
0.88251
0.609539
0.0524976
0.861803
0.438001
0.444099
0.490486
0.31127
0.393276
0.452863
0.57807
0.555485
0.699006
0.651458
1.21066
0.382962
0.1114
1.06514
0.410542
0.575785
0.945072
0.60121
0.38048
1.26907
1.66044
0.559904
0.984489
1.4882
0.317586
0.395841
0.252448
0.48668
1.36548
0.153444
0.174897
0.201718
0.880198
0.174522
0.182705
0.423093
0.292474
1.05677
0.528277
1.08514
0.687746
0.401211
0.928181
0.119817
1.09841
1.53644
1.54423
0.44809
0.241052
0.889865
0.136971
0.595857
0.377733
0.570701
1.1391
0.604094
1.01261
0.202596
0.522276
0.792941
0.555042
1.52169
0.766854
0.493082
0.636946
0.909563
0.0800562
0.403764
0.223987
0.639191
0.310137
1.44555
0.920926
1.81623
0.223618
0.997823
0.105688
1.07784
0.158256
0.434885
0.622714
0.115039
0.476488
0.306741
1.2469
0.304385
0.329539
0.503668
0.0749667
0.485705
0.172957
0.276568
0.189708
0.543956
0.243403
1.27606
0.319612
1.24529
0.37786
0.418766
0.435639
0.483663
0.161059
0.149723
0.741515
0.583826
0.298424
0.305144
0.286248
0.724859
0.0349285
0.154625
0.0252389
0.61981
0.66769
0.393207
0.154055
0.068352
0.440215
0.365471
0.231709
1.17451
0.070406
0.584617
0.425869
1.16645
0.448831
0.496518
0.186067
0.322692
0.0810247
0.368897
0.451136
0.194077
1.03381
0.384068
1.58132
0.407344
1.1172
0.259696
0.511716
1.15988
0.905453
0.395648
0.145715
0.186387
0.47184
0.0942019
0.514464
0.699709
0.263351
0.410572
0.444708
0.511752
1.06704
0.341116
0.29894
0.655549
0.738919
1.2747
0.158114
0.77566
0.255726
0.366411
0.959338
0.421848
0.419386
0.673547
0.949468
0.843035
0.430769
1.11547
0.13662
0.0714493
0.56136
0.302076
0.133645
0.601003
0.394645
1.29234
0.41587
0.221226
0.163294
0.359701
0.159706
0.48225
0.650169
1.21099
0.793524
0.529639
0.201527
0.672298
2.39946
1.44999
0.00223607
0.145715
0.984403
0.146113
0.314582
0.145774
0.237002
0.203022
0.308735
0.192128
2.1606
0.945035
0.158218
0.181662
0.766668
0.0822982
0.712312
0.715957
0.649705
0.520116
0.686967
0.899776
0.141718
0.326644
0.40153
0.236205
0.617224
0.556781
0.223141
0.0174929
0.228116
0.509566
1.34627
0.373719
0.194659
0.274591
0.988921
0.527512
0.507435
0.128129
1.00633
0.701713
0.284201
0.449589
0.89646
0.588003
0.426569
0.370267
0.170018
0.441073
0.948408
0.711467
1.46508
1.06257
0.756281
0.199752
0.418384
0.438001
0.789428
0.241853
0.178877
2.60052
0.840841
0.354622
0.970376
1.28584
0.555304
0.498448
0.459335
0.596297
1.19885
0.162151
0.175163
0.23231
0.202988
0.307522
0.35867
0.0456508
0.211627
0.769697
0.53884
0.312623
0.347071
0.138058
1.00454
1.1801
1.09114
0.219276
0.252353
0.166385
0.404784
0.57639
0.515707
1.91676
0.538112
0.312815
0.253034
0.357761
0.707314
0.45722
0.259124
0.319251
0.338864
1.08064
0.441376
0.501615
1.02198
0.789137
0.487382
0.380196
0.291446
0.629496
1.37602
1.00719
0.550263
0.392971
0.740011
0.318025
1.1355
0.527004
0.117686
0.304243
0.347462
0.148125
0.456826
0.527371
0.366366
0.190539
0.147435
0.0496488
0.635639
0.615468
0.631235
0.603162
0.362745
0.112259
0.109041
1.76913
0.291625
1.55367
0.0834326
0.216529
0.185648
0.372592
0.262545
0.678428
0.900154
1.13271
0.0680074
1.17044
0.209153
0.195318
0.763175
0.35672
0.697448
0.0906035
0.881334
0.539527
0.197132
1.31602
0.559142
0.498182
0.680226
0.175841
0.816354
0.586121
0.224502
0.117924
0.209831
0.39705
0.820988
0.412482
0.432381
1.17601
0.566845
0.48396
0.751836
1.16298
0.406854
0.251873
0.0986154
0.214597
1.25124
1.04717
0.793282
1.24462
0.106892
0.167863
0.176505
0.6728
1.46204
0.901146
0.451382
0.351957
0.220871
0.207077
0.292426
0.298503
0.107466
0.612986
0.1251
0.564965
0.228114
0.283981
0.317718
0.246911
0.739596
0.398402
0.0936483
0.42033
0.641826
0.802599
0.264622
0.76201
0.82483
0.444596
0.747115
0.213825
0.0436807
0.550042
1.00405
0.277937
0.34904
1.51495
0.700274
0.571463
0.0828794
2.70396
0.222302
0.155541
0.748124
0.200145
0.844261
0.365308
0.750707
0.851663
0.115521
0.472573
0.634137
0.190709
0.587055
0.586328
0.174889
0.102786
0.239201
0.432339
1.23507
0.767923
0.5336
1.08511
0.514745
0.684082
0.0751798
0.544177
0.484648
0.250354
0.141739
0.544656
0.496614
0.267845
0.345579
0.511038
1.45882
0.305603
0.251311
0.323633
0.221779
0.505756
0.852635
0.268812
1.13281
0.197327
0.107671
0.384294
0.191846
0.188162
0.513881
1.23228
0.180679
0.731416
0.767284
1.33602
0.653204
0.134536
0.453922
0.633998
0.170329
0.389021
0.351336
0.589542
0.658709
0.648235
0.908273
0.351404
0.85604
0.354318
0.28882
0.407139
0.704818
0.451613
0.120254
0.179246
0.518449
0.807121
0.785555
0.331604
0.156707
0.603871
0.244033
0.0849588
0.181618
1.27763
0.35958
1.93727
0.715437
0.518449
0.0989545
0.223224
0.36772
0.236248
0.0936056
0.656129
0.22502
0.117631
0.114529
0.463906
0.184261
0.733017
0.0396232
0.342107
0.320351
0.340353
1.30616
1.05967
0.398995
0.181417
0.849782
0.364671
0.49953
0.20025
0.597479
0.337356
0.181334
0.679472
0.875552
1.51286
0.236485
0.156541
0.338541
0.450362
0.896797
0.438292
0.246449
0.447252
0.522394
0.941872
0.646638
0.336816
0.43523
0.375618
0.310846
0.624388
0.243889
0.116211
0.927496
1.0762
1.00987
0.24135
0.798415
0.0496488
0.65069
0.261842
0.427551
0.410844
0.11456
0.282064
0.705122
0.407747
0.0905539
0.61574
1.83085
0.170699
0.965389
1.01159
0.454077
0.220538
1.093
0.455439
0.157258
0.429495
1.32859
1.31145
0.430308
0.861757
0.857365
0.158773
0.659919
0.555061
0.515149
0.0516236
0.863702
0.324299
0.307044
0.169387
0.308812
0.703333
0.392237
0.408315
0.153574
0.564746
0.0766942
0.116932
0.300308
0.508207
0.794006
0.817267
0.587818
0.0851645
0.6878
0.617159
0.208952
0.321697
0.13435
0.249576
0.688962
0.397404
1.47698
0.882669
0.258521
0.155589
0.172743
0.583275
0.863973
0.884473
0.321753
0.302352
0.298814
0.175026
0.793204
0.0595399
1.23297
0.561445
0.315835
0.196825
0.123794
0.341423
0.147733
1.38425
0.290622
0.89964
0.104995
0.633228
0.687379
0.986311
0.424835
1.09302
0.577958
0.96829
1.37037
0.743794
0.253211
0.392908
0.0887694
1.20358
0.171747
0.302035
0.394606
0.906143
0.131605
0.413392
0.215585
0.809885
0.323025
1.20477
0.19997
0.667271
0.368155
0.182321
0.768969
0.406075
0.585352
0.165424
0.313158
0.110766
0.091526
0.562893
0.4981
0.22
0.489369
0.281789
0.322025
0.514405
0.455548
0.256827
0.616283
0.501171
0.425945
0.671775
0.243074
0.442499
0.564599
0.906649
0.708419
0.553925
2.43599
0.15678
0.472412
0.293138
0.685622
0.551033
0.609434
0.166643
0.36225
1.22414
0.191943
0.527774
0.215002
0.451852
0.556691
0.363979
0.283734
0.222173
0.375012
0.335181
0.190672
0.373771
0.319781
1.30724
0.173277
0.481374
0.399261
0.608349
0.260768
0.1678
0.432925
0.241149
0.140121
0.479985
0.105119
0.226073
0.37609
0.78164
0.678178
0.436248
1.06658
0.286812
0.335678
0.637672
0.599715
0.510416
0.864833
1.10871
0.439118
0.557961
0.373402
0.400371
0.944851
0.378819
0.30437
0.660864
0.692734
0.110318
0.2978
0.13124
0.680283
0.612883
0.225694
1.04455
1.3549
0.0967729
0.537587
0.702166
0.760548
0.91445
1.60988
0.856114
0.394554
1.20486
0.177341
0.425682
0.969629
1.37607
0.202852
0.406651
0.254678
0.156285
0.234955
0.656567
0.485136
0.627694
0.353842
0.424552
1.40835
0.9
0.110476
0.221359
0.425766
0.504843
0.981664
0.185658
0.365936
0.259384
0.196665
0.0886002
0.279644
0.609016
1.44648
0.230326
0.150426
0.211192
0.654272
0.219829
0.512149
0.0948103
0.151822
0.617392
0.543644
0.598405
0.555426
0.466053
1.85722
0.172586
0.762436
0.289353
0.48312
0.61006
0.296655
0.308183
0.217076
0.471365
0.26188
0.218277
1.8913
0.470737
2.13859
0.274711
0.110476
0.360022
0.109225
0.594764
0.178138
0.271448
0.686578
0.238321
0.392581
0.208
0.0348855
0.372376
0.330654
0.207735
0.168181
0.139262
1.32829
0.0694262
0.747027
0.243311
0.532565
0.838614
0.897558
1.96302
0.546202
1.81959
0.399336
0.591551
0.30865
1.60969
0.599604
0.677827
0.38338
0.833996
0.692391
0.281349
0.43624
0.0558032
0.382685
0.262762
0.421602
0.341235
0.572493
0.383951
0.564876
0.30672
0.132654
0.102078
0.101872
1.49707
0.136308
0.541225
0.2885
0.197434
0.310934
0.417221
0.672251
1.17487
0.690036
0.744414
0.528638
1.13352
0.210107
0.492115
0.0646607
0.908821
0.192003
0.736952
0.311133
0.957066
0.0710211
0.183576
0.736827
0.304385
0.0121655
0.643623
0.31241
0.510416
0.505223
0.28554
0.99946
0.321994
0.975029
0.518035
0.327012
0.0875728
0.248847
0.277281
0.0926553
0.67288
1.37149
0.249112
0.305765
0.436492
0.355355
0.174897
1.36527
0.0994082
0.379057
0.363341
0.726571
0.890868
0.435707
1.15118
0.206342
0.13366
0.304322
0.560236
0.165584
0.430099
0.480243
0.362664
0.138798
0.259017
0.338378
0.710031
0.254401
0.469359
1.03762
1.21731
1.02238
0.257029
0.542208
0.324863
0.236681
0.768768
0.263388
0.178941
0.145344
1.99411
0.549051
0.438657
0.401908
1.1965
0.22879
0.702249
0.148486
0.837752
0.079404
1.04411
1.01301
0.314256
0.273386
0.207933
0.859808
0.242638
0.194201
0.0746324
0.0524309
0.842941
0.454816
0.335596
0.26918
1.3862
0.643488
0.529208
1.54835
0.963919
0.445253
0.104637
0.440622
0.355578
0.952733
0.383986
0.0862786
0.348834
0.241365
0.157099
1.45138
0.160178
0.344141
0.309015
0.245247
0.352626
0.420119
0.399344
0.214114
0.806343
0.221057
0.351899
0.343023
3.13264
0.0220907
1.0213
1.63238
0.326253
0.853272
0.366149
0.0901388
0.0764003
0.455686
0.630627
0.212339
0.185
0.149013
0.179536
0.563174
0.363786
0.357994
0.157433
1.35547
0.208002
0.297069
0.207509
0.312923
0.909621
1.56337
0.353751
0.123976
0.751031
0.243502
1.45497
0.278776
0.571284
0.372865
0.405005
0.189447
0.897111
0.61313
0.933983
0.550611
0.729433
0.316812
0.463372
0.424892
0.465988
0.401622
0.372907
0.462586
0.236882
0.344851
0.252622
0.582169
0.507773
0.135823
0.382232
0.659372
0.483249
0.314414
0.456653
1.46976
0.333089
1.20504
0.749123
0.612386
0.018
0.266222
0.788703
0.84985
0.584455
0.47828
0.40896
0.153844
0.241299
0.225291
1.30771
0.588337
0.479942
0.643877
0.161375
0.172627
1.06777
0.457555
0.329462
0.156605
0.137641
0.808451
0.800416
0.709
0.600007
0.912461
0.277856
0.134004
1.03234
1.73863
0.0436578
0.118072
0.491501
0.385592
0.212
0.259738
0.721299
0.139556
0.164806
0.251803
0.0138924
0.530212
0.894347
0.458965
0.0797057
0.509614
0.575545
0.254244
0.896643
0.478901
1.45515
0.5564
1.1945
0.231225
0.13537
0.161595
0.204534
0.135945
0.478197
0.104139
0.5295
0.603796
0.143265
0.421142
0.0916788
0.251436
0.161595
1.27484
0.0250799
0.522602
0.15948
1.95295
0.105546
0.221326
0.59789
0.472508
0.256425
0.743661
0.874223
0.314025
0.708465
0.535572
0.181618
0.0808084
0.079555
0.0675352
0.340588
0.303646
0.821342
0.345615
0.17771
0.204267
1.40105
0.159765
0.230289
0.153873
0.871471
0.699354
0.534238
0.444299
0.415202
0.579512
1.18992
0.012083
0.301015
0.425837
1.13146
0.218552
0.105361
0.603412
0.368709
1.02838
0.603511
0.822685
0.393249
0.278002
0.558707
0.177792
0.0632851
0.803234
0.043566
0.433001
0.941625
0.572543
0.982398
0.52404
2.18726
0.718649
0.0814371
1.33274
0.600128
0.335276
0.421731
1.02045
0.503353
0.174011
0.223365
0.112929
0.495291
0.282158
0.380991
0.220586
0.0619112
0.128725
0.0291204
0.0794292
0.0399249
0.348933
0.148125
1.82276
0.421171
0.653294
0.0594643
1.01274
0.315636
0.339931
0.315539
0.425688
0.0441475
0.135831
0.69054
0.320258
0.802348
0.436165
1.1404
0.488881
0.78174
0.512299
0.443717
0.410888
0.0955667
0.315626
1.0974
0.365197
0.0977394
0.162117
0.319081
0.446018
0.923317
0.395153
0.0170294
0.155657
0.26288
0.263765
0.185744
0.524218
0.137201
0.235357
0.978602
0.288877
0.487643
0.364792
0.216954
0.288087
0.120037
0.925908
0.204463
0.22205
2.20685
0.134183
0.205039
0.0799062
0.264781
0.0449222
0.0513128
0.272723
0.446257
0.147054
0.516706
0.274117
0.330203
0.65627
0.491904
0.352637
1.45165
0.528757
1.15804
0.325885
0.110982
0.0746525
0.350755
0.155242
0.250697
0.942788
0.0988585
0.373363
0.398128
0.411253
0.302513
0.130062
0.320652
0.281306
0.524112
0.175414
0.0974166
0.970008
0.820552
0.800855
0.880289
0.344292
0.0715891
0.394978
0.317648
0.136341
0.298002
0.827923
1.35317
1.20923
0.152555
0.566255
0.65891
1.63101
0.31044
0.767339
0.486601
0.111571
0.57664
0.273222
0.154029
0.444042
0.181728
0.988352
0.178908
0.478182
0.099925
0.761649
0.125208
1.9643
0.528663
0.19986
0.0862844
1.75265
0.173104
0.366871
0.361199
0.823772
0.151427
0.331421
0.61119
0.281603
0.668622
0.161805
1.13319
0.254126
0.727974
0.392665
0.315279
0.825024
0.622429
0.458024
0.491883
0.612298
1.08425
0.273002
1.14682
0.338303
0.855529
0.230829
0.428402
0.208521
0.6956
0.978311
1.27926
0.676249
0.281432
0.330728
0.0824924
0.70644
0.167622
0.424323
0.215824
0.341533
0.614186
0.564486
0.820811
0.44733
0.303401
2.08811
0.275414
0.333314
0.234787
0.660734
0.255157
0.548821
1.06221
0.389134
0.0459674
0.172818
0.681575
0.233549
0.41234
0.205626
1.49809
0.306961
0.396611
0.0846463
0.184043
1.53634
0.184459
0.732574
0.346071
0.255069
0.493688
0.465842
0.077801
0.262886
0.127914
0.070214
0.27938
0.394738
1.31887
0.165605
0.150213
1.43363
0.406503
0.171026
0.335054
0.318044
0.168074
0.374931
0.346485
1.08159
0.678349
0.0718401
0.181221
0.168514
0.331851
0.655305
0.280492
0.686768
0.320358
0.126194
1.31904
2.62621
0.189381
1.74676
0.112539
0.195931
0.493234
2.02105
0.453415
0.276702
0.265045
0.761331
0.232166
0.567367
0.529589
0.0985951
1.1995
0.384637
0.111803
1.58528
0.485644
0.526393
0.520778
1.0249
0.792005
0.281924
0.310137
0.358923
0.235357
1.64294
0.51391
0.0269072
0.295657
0.309401
0.119365
1.33935
0.148125
0.211917
0.258234
0.588776
0.294279
0.380158
0.470541
0.982405
0.6886
1.96754
0.7506
1.38169
0.747418
0.247342
0.407836
0.621585
0.153118
1.15597
0.362327
0.269431
0.271249
0.307766
0.274527
0.157801
0.367069
0.902824
0.472411
0.190969
0.78578
0.203887
0.797481
0.401756
1.27671
0.960078
0.714731
0.144554
0.314759
0.261691
0.483141
0.560173
0.438179
0.828233
0.985329
0.184092
0.970744
0.660249
0.903017
0.456829
0.183412
0.365022
0.410468
0.649027
0.388765
0.384253
0.295237
0.135329
0.270204
0.58005
0.215557
0.475714
0.127738
0.425906
0.34489
0.299294
0.274447
0.592393
0.748708
0.147719
0.804329
0.132231
0.202766
0.724547
1.28727
0.4208
0.355584
0.469915
0.228327
0.905685
0.554437
0.664841
0.313014
0.094255
0.719006
0.531154
0.307747
0.455883
0.196919
0.310409
0.346417
0.582086
0.257437
0.537208
0.232648
0.478107
0.186269
0.520125
0.349886
0.117614
1.12351
0.22081
0.784149
0.440369
1.43452
0.266327
1.56651
0.43673
0.745339
0.037108
1.26198
0.195256
0.312879
0.460544
1.22531
0.266002
1.53094
1.19602
0.488194
0.671483
0.165436
0.264515
0.317309
0.380466
0.243101
1.02028
0.298297
0.746358
0.43195
0.217007
0.42285
0.446696
0.137557
1.31705
0.227035
0.105119
0.38266
0.154003
0.245349
2.81312
0.294043
0.0898053
1.97628
0.504017
0.946299
1.29003
0.0580775
0.219611
0.452866
0.324549
0.610001
0.285743
0.735944
0.818633
0.327617
0.717664
0.315793
1.16645
0.718855
0.27195
0.392552
0.757956
0.187627
0.150446
0.0469574
0.685335
0.359924
1.13729
0.305897
0.230497
0.142864
0.545573
0.62411
0.197853
0.472553
0.162052
0.354295
0.125
0.0563028
0.335529
1.0894
0.0270185
0.202704
0.427055
0.183981
0.297558
0.674569
0.363324
0.722166
0.258693
0.287279
0.320732
0.396869
0.901127
0.167836
0.559358
0.338421
0.644497
0.309608
0.632949
0.242002
0.0700071
0.577624
0.338355
0.626548
0.227178
0.681723
0.235733
0.486585
0.0727805
0.349494
0.256223
0.588641
0.634631
0.0668431
0.441567
0.0547449
0.248928
1.314
0.273724
0.419005
0.366456
0.222443
0.448769
0.234094
0.844315
0.491623
0.154029
0.293552
0.138177
0.339676
0.181108
0.702551
0.640925
0.519015
1.33813
0.336886
0.628169
0.23132
1.49578
0.541587
0.299848
0.853821
0.125718
0.458268
0.151347
0.244469
0.224181
0.0439318
0.219447
0.646334
1.15982
0.151003
0.163615
0.660303
0.389803
0.445497
0.12855
0.23558
1.65377
0.651565
0.401404
0.202072
0.424794
0.08228
0.321602
0.255705
0.662457
0.336786
0.755596
1.04554
0.492046
0.384034
0.13544
0.345006
0.666957
1.00799
0.788064
0.153792
0.0715891
0.376056
1.08032
0.475742
0.394548
0.349407
0.221326
1.18941
0.182332
1.02958
0.534158
0.351621
0.131095
0.192608
0.281539
0.357962
0.210117
0.115104
0.482502
1.22659
0.749669
1.13497
1.90575
1.08382
0.307956
0.0623939
0.360534
0.892549
0.43837
0.162635
0.497233
0.299107
0.220708
0.290689
0.126507
0.352324
0.677532
0.392231
0.98814
0.706672
0.446878
0.851051
0.356546
0.353617
0.260231
0.135532
0.0572451
1.04181
0.556821
0.394654
0.31113
0.636921
0.138752
0.941958
0.36992
2.62147
0.182176
0.223081
0.558342
0.720736
0.160078
0.522736
0.794627
0.447269
0.767075
1.06434
0.0629682
0.215845
0.0839345
0.0845281
0.174003
0.345081
0.222353
0.223607
0.245247
0.374162
0.537736
1.23727
0.0816333
1.08522
0.580539
0.507947
0.955942
0.849167
0.156029
1.26472
0.21281
0.435492
0.370807
0.783947
1.16655
0.622029
0.0947048
0.245748
0.261176
1.55462
0.515454
0.23435
0.524462
0.197568
0.246238
0.305565
0.313088
0.0851587
0.383021
0.110318
1.0852
0.145602
0.833255
0.184743
0.729036
0.596169
0.49254
0.21095
0.700469
0.197205
1.84525
0.164003
0.116482
0.0967729
0.286566
0.613082
1.15885
0.060407
0.301877
1.29711
0.168908
0.564939
0.104785
0.0452769
0.100185
0.712632
0.200684
0.095462
0.606083
0.240682
0.188043
0.143388
0.658092
0.366629
0.256135
0.142004
1.11887
0.461681
0.629312
0.677
0.212132
0.535709
0.835661
0.92067
1.56784
0.129074
0.123434
0.27225
1.06032
0.682719
0.703928
0.778389
1.10597
2.08808
0.597081
0.296355
0.0939628
0.151208
0.415769
0.62548
0.137612
1.48988
0.364198
0.674823
0.14384
0.0645136
0.607211
0.342958
0.459184
0.485227
0.19451
0.141322
0.399656
1.24675
0.634459
0.331217
0.0880227
0.673576
0.857887
1.05036
0.175263
0.704509
0.410951
0.457083
0.175354
0.182036
0.523238
0.159298
0.749825
0.429019
0.0262488
0.344052
0.433779
0.517464
0.0761052
0.330796
0.37206
0.0751332
0.214273
0.32446
0.257562
0.703137
0.382294
0.184011
0.160649
0.319626
0.218358
0.22062
0.303007
0.0564358
0.525244
1.29217
0.323048
0.199289
0.370935
0.903728
0.98059
0.0468402
0.180768
0.0825409
1.14001
0.417135
0.612184
0.74467
0.0511077
0.759822
0.389539
0.178101
0.266282
0.377021
1.02142
0.685333
0.283323
1.48206
0.732011
0.254657
0.270958
0.810144
0.205353
0.590181
0.356387
0.425048
0.345249
0.25866
0.819151
0.704606
0.269941
0.585
0.186075
0.822942
0.283099
0.408088
0.065
0.659776
0.459705
0.743016
0.147167
0.0580517
0.0621289
0.558663
0.896868
0.601685
0.589008
1.43783
0.141365
0.176618
0.440254
1.51524
0.243074
0.806385
0.469524
0.170038
0.44777
0.686659
0.218048
0.404401
0.454299
0.646866
0.300426
0.0778781
0.364486
0.298873
0.727607
0.248195
0.859801
0.236865
0.344013
0.0892693
0.193197
0.17429
0.0375766
0.232142
0.660773
0.0943663
0.377637
0.0630635
0.197568
1.5951
1.18461
0.390708
0.885647
0.646205
0.306276
0.334619
0.473296
1.0142
0.673167
0.437127
0.16029
0.817588
0.492221
0.100285
1.08183
0.0716938
1.21288
0.378251
0.396769
0.53649
0.451868
0.253126
1.62728
0.152122
0.312541
0.109041
1.27922
0.234139
1.05265
0.532654
1.84696
0.601153
0.552906
1.99645
0.287063
1.54414
0.111158
0.356385
0.333209
0.200202
0.021587
1.61362
0.419863
0.304345
0.12532
0.210038
0.226451
0.587882
0.137419
0.339308
0.702887
0.700146
0.627781
0.0734983
0.173954
0.213244
0.52065
0.360468
1.31743
0.888029
0.329621
0.0326497
0.670046
0.347432
2.1592
0.353545
0.095483
0.262011
0.927117
0.272029
0.472649
0.235614
0.131061
0.16311
1.10087
0.43657
0.615406
1.10412
0.30536
0.39053
1.36166
0.327519
0.198081
0.0600333
0.756335
0.132608
0.0291548
0.246343
0.576823
0.880864
0.23904
0.538339
0.207087
0.628371
0.562971
0.136624
0.151908
0.120739
0.159452
2.09008
0.354752
0.610152
1.56716
0.107912
0.793738
0.956106
0.411666
1.25367
1.11376
0.418718
0.315839
0.238757
0.501139
1.17819
0.405632
0.226991
0.378208
0.180361
0.219572
0.117992
0.995326
0.524767
0.206545
0.273002
0.17112
0.619887
0.136418
0.708763
1.44531
0.662333
0.534495
0.56849
0.0442832
0.392227
0.451736
0.193215
0.148273
0.22912
0.472086
0.325412
0.287472
2.45508
0.347605
0.575195
0.788774
0.0849588
0.886727
0.521095
0.233112
0.18919
0.953208
0.332099
0.422015
0.429777
0.22345
0.322552
0.12825
0.551599
0.516245
0.116842
0.291239
0.113225
0.375047
0.286262
0.959013
0.539478
0.151476
0.413205
0.526856
0.55376
0.328162
0.542647
1.63565
0.723802
0.479409
1.18013
0.216005
0.102591
0.235601
0.4978
0.363688
0.101435
0.495202
0.475
0.193396
0.507832
0.464211
0.656903
0.510416
0.437127
0.71258
0.204971
0.508945
0.456369
0.698026
0.468129
0.815319
0.140616
0.572983
1.13781
0.302041
0.677578
0.309414
0.696268
0.567173
0.99795
0.347587
0.12083
0.570629
0.617256
0.321823
0.812754
1.47855
0.0636003
0.0570701
0.231603
0.191377
0.348283
0.35733
0.321212
0.649019
0.379223
0.398269
0.355441
0.154871
0.673951
0.326308
0.486585
0.904788
1.11537
0.509746
0.978752
0.213216
1.0274
1.09323
0.337343
0.462433
0.458469
0.579275
0.278255
0.270313
0.262551
0.73953
0.165979
0.674238
0.387001
0.278987
0.178877
0.632383
0.790727
0.416357
0.36236
0.459492
0.809099
1.057
0.64241
0.179936
1.1664
1.04917
0.689046
0.506175
0.361566
0.500708
0.0833547
0.761759
0.124193
0.127475
0.277743
0.213588
0.215002
0.817213
0.29111
0.489437
0.691527
0.50887
0.766425
0.141676
1.64514
0.5186
0.228123
0.601984
1.34979
0.609452
0.667489
0.355203
0.627753
0.652258
1.18135
0.510757
1.22623
0.188862
0.650514
0.0674685
1.34322
0.172743
0.559168
0.0935201
1.21689
0.31467
0.170485
0.40284
0.214842
0.676062
0.147054
1.07564
0.325615
0.391153
0.231225
0.542698
0.709412
1.1447
1.12178
0.0667608
0.92421
0.357405
0.430303
0.250008
0.175419
0.187211
0.790517
0.373696
0.216234
0.211967
0.780806
0.609007
0.0219317
0.135724
0.60925
0.321375
0.154305
1.11219
0.179271
0.349292
0.598294
0.618939
0.458912
0.734929
0.633645
0.033541
0.0680147
0.186261
0.277253
0.0581378
0.700059
1.63296
0.329524
0.470494
0.186936
1.46384
0.58331
0.853084
0.0274591
0.0957706
0.69042
0.45108
1.22406
0.705277
0.64397
0.993439
0.48169
0.46358
0.535785
0.109986
0.62502
0.721136
0.0621772
0.648541
0.441852
0.212276
0.819327
0.092477
0.615769
0.81665
0.186172
0.0378021
2.43005
0.0924554
0.532189
0.195092
0.537061
0.963033
0.756003
0.394566
0.169366
0.548864
0.208255
0.330276
0.326529
1.91027
0.210609
0.223786
1.15854
0.207171
0.559604
1.05926
0.298573
0.0939202
0.267808
0.264985
0.623465
0.0519711
0.964591
0.40224
0.270379
0.106569
0.22345
0.0248395
0.0799062
0.513553
0.238034
0.855472
0.466662
0.886912
0.941741
0.6053
1.95686
0.803266
0.45116
0.170473
0.760124
0.167012
0.531688
0.0843801
0.157166
1.16597
0.515164
0.560511
0.438985
0.828351
0.255384
0.0573149
0.272259
0.183611
0.292438
0.455588
0.772093
1.32874
0.175191
0.445732
0.32928
0.526833
0.248073
1.07765
0.432945
0.385479
0.229828
0.275036
0.199023
0.919753
0.651429
0.538585
1.17338
1.5638
0.143951
0.815589
0.529208
0.419572
0.383025
0.179254
0.241081
0.791546
0.26603
0.0162788
0.147363
0.0891067
0.459619
0.822553
0.465972
1.0237
0.341393
0.759335
0.544132
0.283452
0.317506
0.854169
0.0398246
0.270453
0.266813
0.2814
0.179789
0.353553
1.19979
0.428235
0.930847
0.0184391
0.195064
0.265633
0.0796053
0.465108
0.196087
0.554292
0.302338
0.0626498
1.97337
0.0918314
0.605231
2.17013
0.664146
0.71007
1.72036
0.0975756
0.58832
0.640314
0.903613
0.0994887
0.0219317
0.997074
0.440157
0.10959
0.357358
0.562354
0.480243
0.744799
0.134015
0.767151
0.377001
0.648125
0.279861
0.340359
1.41982
0.0496488
0.435556
0.287256
0.860256
0.69446
0.815133
0.461556
0.7656
0.617324
0.683059
0.644289
0.371356
0.357393
0.319376
0.309291
0.18228
0.541887
0.111234
0.442188
0.978751
0.605826
0.465278
0.438269
0.530925
0.635517
0.236457
0.690056
0.105119
0.102961
0.931201
0.554229
1.09359
0.56369
0.992373
1.10066
0.338907
0.305766
0.217442
1.03326
2.35639
0.489541
0.0934077
0.325161
0.24392
1.14969
0.74846
0.25046
0.218984
0.159088
0.867604
0.326588
1.05918
0.763521
1.05945
0.693836
1.22026
0.625871
0.233077
0.618624
0.580489
0.34852
0.836433
0.504571
0.612134
0.819367
0.303053
0.276134
0.248938
0.482212
1.75171
0.665724
0.187275
0.547171
0.452593
1.55535
0.830945
0.592466
0.238648
0.760735
0.652173
0.343677
0.427468
0.221759
0.133765
0.82033
0.0432782
0.327061
0.107005
0.683954
0.141198
1.01377
0.390001
0.321727
1.08222
1.29304
0.305635
1.47162
0.0958593
1.2951
0.781087
0.544059
0.346517
0.33655
0.0958593
0.287141
0.347701
0.651829
0.751554
0.335882
0.25508
0.336488
1.40184
0.472451
0.14052
0.478996
1.81219
1.05674
0.558785
0.621496
0.215244
0.208904
0.390548
0.121696
0.121116
0.380867
0.186097
0.338999
0.0423792
0.528595
0.426466
0.426357
0.65096
0.304133
1.58563
0.307376
0.0777946
1.80352
0.478659
0.313209
0.443541
0.0214709
1.40155
1.08131
0.517907
0.167431
0.328824
1.04315
1.2218
1.00294
0.55207
0.23306
1.90823
0.217883
0.431213
1.17921
0.939766
0.643283
0.38863
0.10655
0.11323
1.07084
1.02782
1.25468
0.220484
0.449319
0.163591
0.198338
1.1204
0.0793221
0.553173
0.692604
0.165529
0.159931
0.690134
0.433757
0.815714
0.751725
0.702661
0.192816
0.938806
1.63323
0.41768
1.33749
0.220952
0.275118
0.119553
0.3936
0.0585235
0.571473
0.929246
0.951677
0.916003
0.127769
1.13761
0.257124
0.483694
0.189003
0.0616847
0.211301
1.13052
0.514675
0.10519
0.14046
0.303942
0.40316
0.300821
0.87317
0.827848
0.911935
0.657578
0.356665
1.03187
0.191784
0.334093
0.665697
0.408965
0.248847
0.551545
0.365207
0.572598
1.0284
0.176284
0.176028
0.841609
0.184556
0.5046
0.053535
0.672075
0.0602993
1.02869
0.340795
1.09809
0.604425
0.193747
0.272837
0.576483
0.517985
0.0379473
0.0172627
0.262924
0.564881
0.241537
0.19321
0.849632
0.689896
0.304529
0.769708
0.593877
1.31612
0.462248
0.196987
0.258182
0.328799
0.219128
1.14177
0.699648
0.164757
0.162015
0.322039
0.27693
0.889265
0.759743
0.126246
0.80903
0.150207
0.179889
0.436331
0.210642
2.32475
0.72654
0.288141
0.790077
1.03931
0.393402
0.378452
0.553173
0.241267
1.40961
0.420268
0.345029
0.172514
2.07103
0.0472969
0.0912853
0.256564
0.617421
0.727217
0.142899
0.0785175
0.708895
0.354401
0.139989
0.474912
0.227502
0.874046
0.375597
1.2243
0.302491
0.314574
0.177003
0.594643
0.417653
0.196621
1.38729
0.214149
0.773553
0.220477
0.370196
0.9292
0.682511
0.753481
0.107564
0.490893
1.116
0.494702
0.22987
1.35668
0.250218
0.301582
0.215002
0.182631
0.742122
0.503254
0.408627
0.382404
0.143283
0.24163
0.686785
0.111893
0.997449
0.680312
0.266528
0.382845
0.743382
1.21928
0.442462
0.167631
0.0374833
0.88466
0.408571
0.178443
0.401359
0.468471
0.3122
0.203735
1.607
0.385697
0.0366742
0.173277
0.159625
0.552762
0.322304
0.284851
0.771182
1.18424
0.731121
0.204629
0.276139
0.596454
0.219572
0.251143
0.688227
0.186869
0.887428
0.509598
0.671209
0.225144
0.17936
0.795075
0.261645
0.135882
0.511767
0.0662722
0.664856
0.11428
0.851968
0.0836301
0.566041
0.292797
0.562659
0.687291
0.489094
0.37968
0.0245967
0.0987168
0.945542
0.206903
0.237497
0.348023
0.209411
0.103586
0.370304
1.73262
0.736431
0.541112
0.635079
0.256909
0.0391152
0.394081
0.466991
0.246546
0.16694
0.343198
0.317166
0.473888
0.341844
0.117346
0.539145
0.491538
0.17514
0.638036
0.280318
0.907833
0.667635
0.301325
0.777453
0.516236
0.813143
0.475946
0.461268
0.263205
1.68704
0.625793
0.356854
0.154003
0.38504
0.333756
0.72589
0.781968
0.403179
0.285465
0.832661
0.385332
0.438071
0.880719
0.237592
0.0243516
0.507106
0.235646
0.843356
0.399152
0.582244
1.73535
0.603567
1.03544
0.75229
0.137644
0.289862
0.621711
0.085276
1.02053
0.514004
0.774313
0.735313
0.299176
0.211249
0.831309
0.287021
0.630317
1.32931
0.561329
0.333624
0.0416293
2.2485
0.267507
0.339212
0.770561
0.665301
0.705683
0.437001
0.333966
0.206129
0.327808
0.368
0.206177
0.445162
0.5708
0.826831
0.0586941
0.421523
0.299808
0.849049
0.18265
0.383537
0.123649
0.504148
1.26152
0.728518
0.207087
0.443393
0.186762
0.792173
0.0286356
0.19654
0.534663
0.339438
0.449197
0.428656
0.743933
0.10002
0.471852
0.249722
0.784163
0.270453
0.0577062
0.656741
2.062
0.144917
0.140228
0.651062
0.462391
0.0740945
0.135768
0.16024
0.440511
0.1714
0.650942
0.201467
0.958537
0.709059
1.26289
0.194095
0.582773
0.167815
0.293641
0.533259
0.635689
1.63771
1.2351
0.156416
0.339167
0.695541
0.226241
0.0483011
0.35228
0.674003
0.543692
0.21346
0.122188
0.616663
0.411364
0.707159
0.251454
0.2136
0.353375
0.0964261
1.02441
1.23597
0.411886
0.564316
0.561773
0.766784
0.292022
0.47606
2.72825
0.407462
0.673179
2.00702
0.178664
0.200552
0.351142
0.97284
0.486157
0.132442
0.7364
2.04527
0.266152
0.362008
0.306219
0.0130384
0.416944
0.17791
0.202475
0.682884
0.31085
0.599611
0.23937
0.52852
1.27765
1.11188
0.527731
0.299883
0.355439
0.273031
0.00921954
0.965346
0.273066
0.255885
0.329674
0.482188
0.391802
0.0774661
0.389597
0.41938
0.831102
0.504287
0.443397
0.245736
0.596934
0.262162
0.45104
0.12404
0.22211
0.99398
0.541639
0.095
0.0766942
1.01192
1.17077
0.219021
0.852907
0.507279
1.94967
0.171493
0.566683
0.43645
0.115209
0.196987
0.20412
0.120967
0.0797559
1.02559
0.70867
0.211358
0.249479
0.558813
0.303817
0.821015
1.22287
0.114529
1.60876
0.350274
1.64488
0.126246
0.65829
0.624288
0.124201
0.512445
0.207292
0.413011
0.881164
0.576087
0.373568
0.258712
0.431502
0.809198
0.396047
0.315159
0.336121
0.138654
0.509089
1.36896
0.225291
2.00139
0.73324
0.092957
0.151347
0.0813941
0.052
0.191846
0.894674
0.446659
0.174748
0.77936
0.903966
1.99518
0.203686
0.254002
0.525755
0.730244
1.18498
0.234047
0.534575
0.181122
0.251645
0.253207
0.650152
0.155081
0.14905
0.208339
0.772803
0.748954
0.355535
0.193132
0.510725
0.473831
0.170578
0.451018
0.0512445
0.193313
0.162521
0.532621
0.458219
0.285843
0.34519
0.205156
1.20874
0.540296
0.290644
0.106452
0.399802
0.150625
1.25037
0.887473
0.933711
0.68954
0.348827
0.5864
0.165463
0.300561
0.470208
0.315767
0.569324
0.254466
0.0568859
1.16732
0.351979
0.523886
0.171817
0.12492
0.734074
0.213354
0.490597
0.147272
0.289945
0.194489
1.23647
0.279902
0.473051
0.464841
0.531872
0.172743
0.976669
0.339629
0.283452
1.55561
0.51923
0.308769
0.571126
0.127534
0.869186
0.274213
1.06846
0.179045
0.181868
0.159931
0.215058
0.950708
0.240917
0.311925
0.184092
0.115313
0.212777
0.251086
0.377828
1.63709
0.0431393
0.24105
0.55103
0.128969
0.638518
0.719462
0.441702
0.442327
0.292027
0.155029
0.600646
0.51831
0.0906201
0.308483
0.221653
0.738394
0.107838
0.24737
0.769166
1.19119
0.423435
0.117171
0.0648151
0.418269
0.267927
0.242266
0.352013
0.340212
0.889508
0.188767
0.224742
0.0890505
0.549482
0.181011
0.653589
0.183134
0.359974
0.332039
1.71801
0.235801
0.927697
0.139284
0.287562
0.386339
0.175026
0.526927
0.12881
0.0532353
0.457581
2.54441
0.226055
0.478724
0.159201
0.354232
0.0332415
0.314841
0.624013
0.223788
0.833038
0.52589
0.556066
2.20024
0.66547
0.759472
0.152778
0.199161
0.28956
0.328804
0.142004
0.556529
0.853062
0.262427
0.0230217
0.0164924
0.429348
0.609541
0.76157
0.80643
0.349834
0.56044
0.469819
0.560045
0.110635
0.420459
0.106738
0.195888
0.122413
0.486522
0.700589
1.15298
0.438412
0.11183
0.516078
0.0608769
1.22698
0.332633
1.19505
0.316362
0.134737
0.152555
0.518773
2.08512
0.378356
0.430279
0.202608
0.873358
0.565821
0.202121
0.94331
0.255002
1.10919
0.628371
0.235228
0.89669
0.544847
0.13228
0.790678
0.172514
0.125028
0.345938
0.532603
0.824917
0.13025
0.263879
1.19571
0.1136
0.49713
0.558564
0.797107
0.780031
0.0820366
0.613822
0.169402
0.100499
0.265754
0.107564
0.287336
0.179338
0.210319
0.509188
0.441461
0.583398
0.12855
0.432071
0.345601
0.091351
0.859726
0.182584
0.683105
0.729242
0.379684
0.346655
0.332701
0.874057
1.0221
0.274925
0.119365
0.151268
0.293402
0.0493964
0.355574
1.19332
0.2885
0.134826
0.283346
0.984663
0.0962549
1.31179
0.337165
0.285223
0.711288
0.733959
0.286295
0.558099
0.517491
0.570754
0.344292
0.0272947
0.947724
0.278097
0.318211
1.38611
0.871287
1.90475
0.16311
0.191207
0.235
1.01067
0.163377
0.837531
0.238835
0.628562
0.799896
0.48312
0.405571
0.308911
0.159327
0.535076
0.124483
0.492687
0.375345
0.965635
0.380837
0.299808
0.283425
1.08639
0.597075
0.735585
1.54867
0.161447
0.704751
0.687279
0.1772
1.12543
0.778509
0.121264
0.620116
0.35224
0.601063
0.22759
1.36114
0.620165
0.471425
0.256564
0.107466
0.458433
0.669069
0.475935
0.145523
0.761246
0.0386394
0.917197
0.30378
0.0696563
1.694
0.544656
0.286918
0.736107
1.93557
1.00581
0.458333
0.284693
0.403194
0.14588
0.414103
0.257701
0.137786
0.31932
0.0828794
0.26025
0.558885
1.15993
0.433803
0.167672
0.166676
0.744245
0.340203
0.900952
0.137201
0.560808
0.159
0.154402
0.16476
0.339094
0.177629
0.092358
0.473532
1.0963
1.99217
0.822365
0.408447
0.385188
0.585403
0.903467
0.510421
0.29441
0.304214
0.401662
1.46163
0.0536004
0.476917
1.07814
1.0867
0.0724707
0.307402
0.0748465
0.303209
0.129711
1.41014
0.38338
0.162188
0.494499
0.827664
0.219463
0.155235
0.228642
0.320782
0.968075
0.711961
0.913475
0.168885
0.791202
0.554173
0.335876
0.389272
0.0997046
0.444668
0.44411
0.385612
0.68875
0.23843
0.0862844
1.47872
0.628943
1.83582
1.09564
1.18143
1.53531
0.397519
0.475849
0.37211
0.360624
0.241075
0.383548
0.485539
0.101514
1.31913
0.546717
0.953952
0.646242
0.966137
0.389515
0.254031
0.579726
1.03546
0.116499
1.03674
0.198708
0.320478
0.511297
0.828826
0.453746
0.252254
0.750649
0.214114
1.5692
0.8314
0.486886
0.114612
0.43126
0.525792
0.71765
0.663385
0.356059
0.497302
0.522319
0.301629
0.11378
0.316242
0.119252
0.106677
0.182483
0.26738
0.463341
1.23702
0.284693
0.908624
0.416304
0.285955
1.28443
0.251962
0.366661
0.369682
0.297741
0.97937
0.778604
0.734534
0.137615
0.0388973
0.302002
0.911516
0.501124
0.699412
1.18905
0.498141
0.609499
0.229863
0.89619
1.33803
0.353058
0.205105
0.660161
0.217754
0.508146
0.629203
0.64512
0.167263
0.707617
0.240508
0.639733
0.212509
0.740984
0.824721
0.40462
0.581836
0.280401
0.572385
0.393926
0.336786
0.156525
0.560803
0.193018
0.128133
0.572198
0.649075
0.0812527
0.0722496
0.419949
0.306132
0.497646
0.240077
0.378782
0.667127
0.771461
0.448813
0.361809
0.286541
0.500234
0.804667
0.324902
0.192317
0.159389
1.47251
0.465027
0.0661287
0.4054
0.277045
0.197
0.199023
0.0568595
0.371259
0.4287
0.577837
0.235053
0.65221
0.730116
0.434494
0.916692
0.246343
0.786043
0.300202
0.0661891
0.452134
0.175328
0.471819
0.119808
0.653682
0.115694
0.0121655
1.07104
0.93745
0.330668
0.807159
0.570022
1.08317
0.469068
0.205275
0.790089
0.60803
0.805929
0.502207
0.63925
0.282708
0.401434
0.726154
0.176782
1.253
0.342498
0.405611
0.221208
1.41972
0.383343
1.48837
0.47289
0.375623
0.203767
0.861444
0.586218
0.648914
0.220966
0.235536
0.167839
1.11713
0.244381
0.324002
0.22309
0.157544
0.220511
0.169009
0.320141
0.0708308
0.22102
0.200592
1.36569
0.0264008
0.201249
0.532643
1.06393
0.162807
0.399912
0.892859
2.74824
0.386
0.3513
0.185367
0.514821
0.939877
0.820703
0.7942
0.309556
0.163273
0.210107
0.196947
1.59448
0.437393
0.0983107
1.2787
0.327116
0.180854
0.515047
0.349738
0.282899
0.391658
0.954026
0.776228
0.494567
1.75061
1.11012
0.920228
0.297059
0.373636
0.193145
2.16738
0.176139
0.295061
0.449755
0.246903
0.814022
0.18422
0.420975
0.925532
0.523027
0.473973
1.30432
0.204071
0.758027
0.451948
0.343903
0.215678
0.307951
0.617414
0.150207
0.0973088
0.24956
0.661157
0.131848
0.0849706
0.327873
0.503051
0.244131
0.279322
0.317309
0.168048
0.817617
0.635236
1.09218
0.243655
0.487337
0.37054
0.404361
0.2895
0.681065
0.0201246
0.129035
0.270934
0.157709
0.36367
0.586598
0.242553
0.381064
0.539282
0.644361
0.81954
0.947399
0.460304
0.361365
0.53627
0.394118
0.186011
0.131712
0.386219
0.108046
0.281277
1.01296
0.304059
0.564043
0.228265
0.592946
0.0882043
0.205934
0.313313
0.142088
1.80669
0.430744
0.468706
1.17507
1.49037
1.14394
0.29368
0.55916
0.751003
0.385846
0.725321
1.8166
0.396758
0.542477
0.879332
0.206129
0.474959
0.272947
0.250888
0.359356
0.651915
1.39738
0.826797
0.356275
0.143171
0.31071
0.454262
0.209038
0.646681
0.369558
0.860872
0.412641
0.669869
0.696425
0.317945
0.0692315
0.129757
0.925346
0.701183
0.590166
0.979033
0.513281
0.22032
0.780116
0.379297
0.833694
0.162049
0.825283
0.170836
0.267526
0.396313
0.496231
0.754868
0.0139284
0.307293
0.22102
0.25555
0.174413
0.449806
0.578662
0.652602
0.342808
0.468386
0.357694
0.872305
0.249834
0.745704
0.249904
0.083
1.00686
0.929421
0.852364
0.28914
0.480094
0.0330606
0.344362
0.743802
0.603269
0.141014
0.0662118
0.469385
0.195256
0.228397
0.57405
0.309026
0.218332
0.695593
1.24154
0.783207
0.956601
1.30259
0.230586
0.714943
0.185238
0.214443
0.762953
1.04235
0.178539
0.499985
0.204071
0.608819
0.208777
0.203934
0.200422
0.198436
1.10386
1.08706
0.408765
0.553195
1.7085
0.472073
0.101637
0.598579
0.622268
0.526864
0.537777
0.45554
0.448175
0.469605
0.713595
1.06532
0.49065
0.236578
0.56917
0.904675
0.269453
0.419869
0.508178
0.513455
0.237154
0.432381
0.352529
0.371636
0.414059
0.975337
0.254031
0.397217
0.120354
0.165076
0.815892
0.191859
0.226276
1.12658
0.638236
0.180624
0.0796304
0.289116
0.245473
0.41876
0.518467
0.575306
1.31118
0.411526
0.489326
0.231767
0.0693542
1.12497
0.638042
0.325738
0.0528015
0.600966
0.156083
1.3787
0.666033
0.896817
1.50671
0.538015
0.357918
1.20517
0.514255
0.22987
0.347081
0.186215
0.247243
0.186024
0.291589
0.710822
0.306609
0.368316
0.118929
0.198708
0.331549
0.355844
0.579493
0.298317
0.0943663
0.39243
0.107424
0.448377
0.300308
1.73817
0.616701
0.0678012
0.509966
0.197588
1.13864
0.201718
0.235847
0.351864
0.688222
0.321462
1.07653
0.18829
0.178003
0.482216
0.960421
0.598415
1.66503
0.0888651
0.516157
0.389772
0.347794
1.49548
0.294364
1.10858
0.326057
0.81509
0.113172
0.417968
0.844822
0.666019
0.712879
0.279217
0.644643
0.334031
1.20765
0.826248
0.638468
0.0756902
1.30339
0.300308
0.472001
0.666521
0.418629
0.575542
1.63767
0.54684
0.516364
0.285309
0.419058
0.35223
0.518881
1.30959
0.108812
0.641568
0.383943
0.341235
0.0625859
0.212426
0.0183848
0.823593
0.577479
0.112446
0.83048
1.14374
0.872535
0.497293
0.376124
0.393449
0.209354
0.134302
0.32915
0.895724
1.33683
0.185607
0.403476
0.190287
0.432416
0.49011
0.962634
0.242157
2.18273
0.489037
0.106892
0.180544
0.473795
0.507425
0.354302
0.550364
1.31705
1.31192
1.33337
0.24773
0.306811
0.192774
0.288028
1.12863
0.323025
0.0737631
0.0630635
0.219586
0.090824
0.914
0.557355
0.669917
0.101494
0.643481
0.275975
0.393712
0.201296
0.263735
0.421587
0.541202
0.556925
0.706835
0.861924
0.224742
0.528433
0.242012
0.361808
0.223278
0.193933
0.335954
0.634331
0.542808
0.324484
0.301319
0.327287
0.361836
0.416243
0.660734
0.112614
0.521246
1.01407
0.701463
0.0211896
0.620378
0.108171
0.699443
0.163404
0.310587
0.23873
0.877474
1.66454
0.163811
0.572053
0.544431
0.437824
0.240002
1.6441
0.264985
0.221287
0.7188
1.60598
0.246089
0.491172
0.277065
0.557369
0.216021
0.182321
0.595626
0.0148661
0.610568
0.906953
0.0694262
1.63188
0.232312
0.410962
0.0780256
0.50698
0.567116
1.0243
0.101597
0.427404
0.575351
0.680237
0.100499
1.49702
1.04562
0.74684
0.281301
0.139635
0.325117
0.191719
0.677632
0.154253
1.45166
1.02482
0.301125
0.13354
0.929656
0.572763
1.38044
0.423041
0.41699
0.932061
0.0438634
0.773313
0.210021
1.49933
0.125004
0.238717
0.112259
0.275182
1.63914
0.234196
0.0956033
0.107615
0.75798
0.849556
0.312604
0.263251
0.36316
0.869567
0.782466
0.0357771
0.978024
0.841647
0.146164
1.2704
0.243008
0.381033
0.263327
0.290998
0.0970052
2.10562
0.543236
0.886987
1.36437
0.866178
0.295041
0.163294
0.0526308
0.400056
0.673267
0.641312
0.573014
0.43533
0.107224
0.302962
0.556453
0.302676
0.290689
0.554456
0.578381
0.465317
1.16122
0.372907
0.322188
0.832445
0.23288
0.243403
0.11136
0.565279
0.439638
0.931035
0.105948
0.147611
0.282064
0.0612699
0.460136
0.84197
0.752833
0.0670075
0.986722
0.583168
0.339212
1.46414
0.85091
0.576011
0.222144
0.302238
0.552268
0.289746
0.488485
0.197
0.148189
0.403273
0.268794
1.06918
0.365168
0.602934
0.944181
0.886247
0.886544
1.16193
0.131015
0.144558
0.605271
0.350956
0.37437
0.143056
0.392237
0.153652
0.500873
0.716258
0.308462
0.248129
0.731183
0.110005
0.374363
1.55867
0.382852
0.369012
0.822733
0.209038
0.0990202
0.566683
0.432838
0.412575
0.636491
0.581667
0.17052
0.880051
0.0637024
0.68841
0.205645
0.223895
0.263894
0.276986
0.176955
0.0657647
0.534425
0.114791
0.96157
0.294961
0.154987
0.238516
0.416832
0.333264
0.117546
0.331545
1.23342
0.379415
0.988466
0.462624
0.216899
0.180003
0.46339
0.373363
0.105019
0.195898
0.150217
0.680389
0.284565
0.746385
1.89744
0.27225
1.09567
0.230972
1.07782
0.1414
0.514615
0.222009
0.568018
0.465365
0.778938
0.638097
0.199372
1.96924
0.482203
0.762531
0.332826
0.380522
0.529213
0.166973
0.626316
0.70555
0.588545
0.28558
0.939854
0.132608
0.498688
0.316166
0.147078
0.156869
0.419097
0.344228
0.32551
0.774902
0.949443
0.458917
1.09675
0.849575
0.313547
0.194551
1.15305
0.0338378
0.5058
1.09278
0.429483
0.331843
0.438564
0.215873
0.620443
0.12659
0.612552
0.2772
0.351524
0.630971
0.331958
0.329892
0.277146
0.36533
0.601788
0.244812
0.409646
0.415023
0.0579828
0.861392
0.338652
0.751357
0.214767
0.222913
0.393215
0.562745
0.356528
0.51071
0.236373
0.446992
0.0418688
0.134402
0.525385
0.305287
0.342329
0.345654
0.292551
0.370552
0.755844
1.03785
2.11289
0.467586
0.197003
0.443289
0.715118
0.528277
0.483426
0.439318
0.119004
0.228543
0.510656
2.06796
0.272655
1.29024
0.432325
0.481087
0.11183
0.161186
0.142622
0.134495
0.693397
0.166628
0.436955
0.212897
0.45419
0.6456
0.360636
0.143962
0.119641
0.338096
0.802574
1.52743
0.510236
0.291872
0.558413
0.648945
0.590161
0.0940479
0.407333
0.721734
0.525909
0.0317805
0.391082
0.237691
0.747005
0.678166
0.382005
0.181417
0.285044
0.40871
0.97743
1.52992
0.268153
0.112805
0.222847
0.983897
0.543884
0.25633
0.220554
0.339414
0.438412
0.794453
0.151924
0.406356
0.286386
0.438128
0.127389
0.40219
0.221995
0.785831
0.553014
0.275772
0.217793
0.692639
0.362627
0.255494
0.390713
1.13772
0.217463
0.199484
0.841942
0.179446
0.300107
1.1651
0.236136
0.241108
0.456426
0.317421
0.0684105
1.3723
0.105423
0.0917878
0.633028
0.49792
0.371098
0.290396
0.505887
0.665818
0.428917
1.04375
1.51561
0.245122
1.7301
0.185925
0.17147
0.671509
0.0705762
0.498528
0.266721
0.203039
0.483501
0.159831
0.774648
0.929182
0.229166
0.0625859
0.488263
0.403983
0.255988
0.500461
0.150013
0.909158
0.246288
0.44178
0.0223607
0.918924
0.353193
1.1675
0.775364
0.66317
0.0690797
0.205507
0.075
0.257562
0.452111
0.232699
0.310601
0.880934
0.339697
1.42691
0.440157
0.24135
0.173254
0.351712
0.280856
0.0763675
0.329539
0.454318
0.134529
0.922477
0.159806
0.231579
0.0978366
0.554279
0.147959
0.00640312
0.386453
0.270416
0.389622
0.50012
0.249243
0.30705
0.166688
0.193259
0.103392
0.80611
0.258428
0.0487032
0.254126
1.68752
0.581093
0.963355
0.223271
0.199271
0.467351
0.226982
0.284289
0.869737
0.157156
0.318402
0.164806
0.0408044
0.59552
0.878067
0.331726
0.273792
0.283584
0.228079
0.294978
0.147384
0.274563
0.385395
0.280744
0.314201
0.196087
0.286845
0.440505
0.104307
0.0785875
0.301763
1.52408
0.603991
1.1495
0.145041
0.137186
0.482109
0.753076
0.227167
0.459576
0.697637
0.236502
0.0608276
0.352037
0.347174
0.593688
0.151344
0.49961
0.131552
0.349607
0.109659
0.184448
0.079925
0.46772
0.372075
0.647188
0.411534
0.420638
0.185995
0.0910055
0.453062
0.992496
1.31901
0.368925
0.420396
1.56765
0.0970824
0.676504
0.533344
0.34508
0.0788923
0.252484
0.802002
0.290413
0.870761
0.112272
1.72993
0.238046
0.249804
0.49252
0.25318
0.429829
0.480176
1.17549
0.304907
0.222991
1.0222
0.141227
1.07622
0.481627
0.195479
0.789801
0.554477
0.786148
0.222171
0.40986
0.459064
0.395171
1.89617
0.191951
0.646784
0.459315
0.65376
0.309026
0.712158
1.82661
0.343083
0.450569
0.191094
0.419672
0.333422
0.299722
0.0706045
0.230825
0.185181
0.419515
0.391495
0.0834865
0.916713
0.259933
0.586728
0.281256
0.183848
1.59521
0.661266
0.119883
0.10374
0.108894
0.0660303
0.699909
0.104278
0.51261
0.576098
0.243479
0.665682
0.82919
0.241305
0.242607
0.367984
0.761412
0.10787
1.30593
0.487333
0.282243
0.2836
0.529184
0.0846463
0.506921
1.19068
0.852766
0.496928
0.327393
1.58139
0.212174
0.0758222
0.530292
0.350648
0.275937
0.407118
0.448973
0.311178
0.152269
0.901617
0.375229
0.58057
0.0932363
0.209153
0.176028
0.346632
0.925819
0.192852
1.21425
0.312501
0.154871
0.386374
1.01542
0.313857
0.293832
0.397135
0.110635
0.238768
0.104862
0.531377
0.119269
1.12543
0.784022
0.0667533
0.104924
0.799075
0.252676
0.270209
0.330151
0.436038
0.108812
0.780144
0.586287
0.72833
0.591122
0.231603
0.247032
0.130924
0.126143
2.13015
1.11132
0.466618
1.72848
0.606614
0.322616
0.646579
0.82968
0.418905
0.334356
0.143136
1.37938
0.687677
0.0921792
0.246489
0.181108
0.372598
0.345809
0.38165
0.435124
0.513439
0.268784
1.56014
0.312973
0.245204
0.185149
0.846917
0.238019
0.300421
1.14277
0.406636
0.440066
0.477504
0.478174
0.307028
0.773349
1.14439
0.828249
0.494094
0.67325
0.675962
0.0277849
0.202625
0.499385
0.213021
0.121248
0.562965
0.758388
0.179936
0.0763217
0.574123
1.42282
0.213009
0.868081
0.3046
0.308872
0.744888
0.0481041
0.67824
0.087023
2.06989
0.927015
0.459727
0.950842
0.125004
0.308974
0.13534
0.496137
0.354543
0.138636
0.375645
0.333444
0.351336
0.161555
0.223607
0.335181
0.497434
0.514059
0.280236
0.0438634
0.969677
0.351778
0.71044
0.0434166
0.480001
0.229172
0.43264
0.228878
0.136195
0.690642
0.116842
0.217442
0.248823
0.17907
0.581447
0.43513
0.711557
0.341223
0.148607
0.627034
0.944882
0.820201
0.647565
0.312795
0.195533
0.320225
0.411151
0.0910879
0.0668506
0.379153
0.283298
0.0975141
1.28403
1.15993
0.511649
0.378428
0.666696
0.322047
0.385924
0.521177
0.49119
0.218687
0.412311
0.149272
0.361952
0.920044
1.39567
0.408462
1.21301
1.09018
0.771913
0.777929
0.391561
0.0291548
0.732274
2.42828
0.232848
1.55032
1.72418
1.91046
0.129062
0.227299
0.313465
0.52578
0.0694622
0.891866
0.691887
0.177629
0.64305
0.627201
0.433499
0.466014
0.559614
0.341797
0.444569
0.140911
0.13333
0.532665
0.0255539
2.23077
0.56044
0.741329
0.179301
0.304253
0.190924
0.681046
1.81742
0.178281
0.214394
0.143736
0.176105
1.55261
0.26025
0.651021
0.170294
0.166352
0.031257
0.265324
0.313428
0.113
0.597452
0.322816
0.433503
0.171686
0.413766
0.416434
0.169499
0.462533
1.69658
0.144917
1.25578
0.76907
0.219495
0.319352
0.253931
0.325125
0.228178
0.427679
0.147679
0.215035
0.259717
0.184177
0.298719
0.862325
0.34699
0.0670075
0.35723
0.243836
0.578312
0.401882
0.292828
0.100404
0.248805
0.542189
0.445588
0.212116
0.16694
0.657784
0.0590339
0.38504
0.663204
0.503612
0.300042
0.598385
0.287543
1.22009
0.313081
0.226345
0.17066
0.306139
0.552254
0.710151
0.247164
0.108167
1.21883
1.96471
0.171825
0.42518
2.0644
0.137088
0.302949
0.21805
0.740547
0.941257
0.641978
0.132382
0.2539
0.180569
0.833663
0.746967
1.78071
0.241599
0.127801
0.867287
0.734629
0.097719
0.285498
0.40638
0.53051
0.2614
0.0361248
0.277824
0.268924
0.233805
0.258805
0.251406
0.472712
0.29183
0.0971288
0.0893085
0.0605392
0.233654
0.232499
0.387014
0.20034
0.611596
0.538814
1.30115
0.91348
0.252353
0.195758
0.648312
0.20096
0.682884
0.225162
0.228554
0.307148
0.051
0.737921
0.163487
0.125363
0.197091
0.564004
0.0864928
0.402375
1.35922
0.146219
0.225843
0.507892
0.687172
1.27891
0.674214
0.115169
0.289131
0.090934
0.162856
0.620079
0.18886
0.214084
0.155081
0.363056
0.386875
1.27998
1.46981
0.330926
0.261748
0.22902
0.144838
0.27186
2.84614
0.060407
0.31868
0.413052
0.2822
0.830304
0.357665
0.215928
0.199023
0.211154
0.66542
0.619933
0.475752
0.417193
0.185132
0.267092
0.0231948
1.00026
0.365075
0.0657951
0.966317
0.686769
0.489495
0.505408
1.19588
0.441715
1.00098
1.30016
0.415023
0.975119
0.489745
0.425
0.447115
0.238663
0.0770779
0.0721249
0.164125
0.10469
0.240052
0.3786
0.37362
0.790547
0.730039
0.16024
0.106705
0.221551
0.440696
0.193458
0.226504
0.721956
1.64682
0.543118
0.0368782
0.16819
1.19949
0.611118
0.718672
1.0324
0.157385
0.21619
0.126063
0.426878
0.340262
0.16311
0.293002
0.497114
0.49328
1.03462
0.739135
1.13591
0.850828
0.636042
0.628131
1.05338
0.210545
0.269804
0.566464
1.30251
0.332223
0.147787
0.552045
0.471963
0.115117
0.302443
0.330711
0.0997447
1.06068
0.248676
0.426907
0.53429
0.515723
1.65554
0.566789
0.659115
1.16838
0.979547
0.400061
0.133417
1.07026
1.66804
0.498699
1.22456
0.98499
0.353193
0.192427
0.310026
0.710049
0.656245
0.458923
0.412989
0.261
0.555252
0.112161
0.247081
0.0485077
0.0964261
1.18388
0.271229
0.493361
0.0590931
0.225595
0.0779295
0.140663
0.131488
0.636762
0.352241
0.428137
0.351199
0.359562
0.116108
0.165052
0.108669
0.0700928
0.220656
0.38606
0.186142
0.214972
0.201375
0.0430465
0.144014
0.165124
0.327014
0.439551
0.264851
0.304647
0.325936
0.417944
0.826755
0.271562
0.71967
0.14145
0.101213
0.0449444
0.287793
0.13005
0.168291
0.669075
0.0134164
0.546395
0.517349
0.591308
0.0735731
0.301975
0.134833
0.188096
0.435409
0.189156
0.291606
0.544562
0.360451
0.356877
0.773987
0.497193
0.363341
0.775403
0.0885438
1.51239
0.0670298
0.150629
1.25028
0.0674759
0.860717
0.208655
0.989135
0.49462
0.325075
0.212904
0.848196
1.44892
0.671789
0.240508
0.381923
0.938972
0.930013
0.821414
0.103368
1.07422
0.0724224
0.355208
0.644411
0.192676
0.56869
0.665258
0.619065
0.650859
1.33962
0.7006
1.14678
1.4439
1.1298
0.286566
1.05328
1.055
0.767023
0.518811
0.231821
0.080025
0.156464
1.95124
0.382782
0.467441
0.441648
1.94578
0.964868
1.1942
0.285428
0.242854
0.152895
0.112539
0.551757
0.699946
1.60552
0.43942
1.39353
0.123434
0.219317
0.636798
0.799113
1.101
0.332946
1.21208
0.807159
1.07415
0.658402
0.970337
1.37542
0.111629
0.232019
0.712118
0.147959
0.666108
0.925026
0.306557
0.251002
0.638719
0.517731
0.462827
1.05333
0.599964
0.516954
1.21553
0.335678
0.305617
0.702033
1.16945
0.0968814
0.411964
0.592551
0.816922
0.480713
0.815777
0.101356
0.0441022
0.431181
0.588727
0.294156
0.1922
0.141891
0.775836
0.684923
0.225162
0.858302
0.463432
1.61265
0.941847
1.40259
0.222767
0.428291
0.391164
0.105418
1.0169
0.126531
0.0962549
0.238537
0.335574
2.60686
0.875134
0.598532
0.437413
0.317405
0.452598
0.37308
0.916339
0.194928
0.233823
3.04003
0.884471
0.25807
0.79872
0.293593
0.946937
0.220204
0.170496
0.588901
0.386529
0.22358
0.295393
0.466901
0.139014
1.16713
0.072
0.490882
0.562246
0.0440454
1.05397
0.292015
0.425699
1.25644
0.406529
0.36873
0.47892
0.0290689
0.660892
0.399996
0.212927
0.393859
0.122409
0.68329
0.338662
0.123004
0.348862
0.556194
1.33074
0.266661
0.411122
0.169248
0.83579
0.483803
0.216227
0.338009
0.320924
1.4658
0.674122
0.350258
0.279322
0.11414
0.373052
2.03008
0.191859
0.145602
0.19383
0.0332415
0.241338
0.237255
0.551944
0.586326
4.27699
0.821214
0.245459
0.369976
0.224508
0.519223
0.141322
0.346341
0.228464
1.07379
0.467386
1.25313
0.476724
1.90115
1.11934
0.665138
0.696348
0.671867
0.855234
0.128845
0.155554
0.110027
0.359562
1.1924
0.772948
1.17425
0.178003
0.8432
0.147078
0.122053
0.290353
0.43046
0.676184
0.326221
0.667032
0.414162
0.404475
0.517722
0.510392
0.570496
0.164639
0.860823
0.138438
0.0887525
0.181618
1.01332
0.641313
0.666723
0.293993
0.341211
0.777126
0.0693397
0.911018
0.441018
0.873958
0.993119
0.333002
0.338374
0.47264
0.996055
0.558605
0.320914
0.201527
0.241102
0.264426
0.517131
0.447219
0.356382
0.938203
1.65344
0.853879
1.0526
0.0945569
1.58197
0.539137
1.26388
0.524444
0.271273
0.124085
0.493852
0.614142
0.480463
0.772907
0.251746
0.378298
0.223439
0.420868
0.325085
0.670703
0.518941
0.293343
0.398102
0.957226
0.649009
0.78945
0.328824
0.177868
0.188473
0.0820366
0.279065
0.749603
0.609899
0.857
0.644771
0.621844
1.18484
0.406356
2.20889
1.11508
0.068884
0.746593
0.266918
0.100722
0.353085
0.255157
0.175071
0.0883912
0.0880568
0.01772
1.00797
0.1972
0.472911
0.864017
0.980729
0.475038
0.072111
0.407158
0.0691231
0.151093
0.299152
0.292961
1.70309
0.940136
0.206197
1.39305
0.31197
0.0968297
1.96308
0.323514
0.0659469
1.01445
0.359924
0.237893
0.942359
0.144257
0.391266
1.44404
1.11364
0.164174
0.218552
0.512379
0.448251
0.206652
0.482959
0.452769
0.285237
0.242621
1.36469
0.00948683
0.108784
0.946381
1.22797
1.52012
1.30999
0.535464
0.403923
0.768375
0.445136
0.270985
0.123483
0.52209
1.15363
1.09232
0.471399
2.18376
0.461785
0.144693
0.41731
0.229837
0.187523
0.711855
0.237994
1.22961
0.182168
0.831337
0.176082
0.718619
0.175317
0.419572
0.463017
0.449307
0.230868
0.182258
0.608675
0.691955
0.0485077
0.258234
0.566718
1.39714
0.171292
0.182428
0.960566
0.391104
1.12261
0.827075
0.296811
0.722907
0.188138
0.342492
0.0877268
0.175824
0.46408
0.489232
0.233482
0.277894
1.33253
0.192463
0.290147
0.768847
0.669008
0.261199
0.117277
0.640379
0.231664
1.21707
0.146711
0.175277
0.495384
0.44147
0.310653
0.712939
0.280236
0.429367
0.785621
0.153792
0.300613
0.510083
0.389382
0.475946
0.372859
0.323835
0.513439
1.21173
0.356808
1.05723
0.967236
0.577419
0.344362
0.77744
0.458782
0.452554
0.606223
0.226991
1.40055
0.210345
1.58123
0.412641
0.0885438
0.291606
2.12966
0.42713
0.167036
0.538563
1.2155
0.265424
0.356451
0.9292
0.750287
0.586137
0.375293
0.506222
1.19472
0.188915
2.49933
0.249704
0.609003
1.13705
0.157003
0.0410366
1.11801
0.320295
0.381215
1.3136
0.623388
0.483848
1.00763
0.278289
0.258258
0.439615
1.92323
1.1854
1.1387
0.224662
0.186038
0.0828794
0.236279
0.775373
1.525
0.412535
0.276509
0.198177
0.121297
0.122972
0.206475
0.627204
0.280016
0.398167
0.38736
1.07773
0.208569
0.445813
0.908195
0.765444
0.861084
0.289919
0.500237
0.787992
0.639515
0.43885
0.776559
0.398102
0.8487
0.186531
0.6828
0.268224
0.280061
0.233452
0.212219
0.225304
0.388278
0.940418
1.78052
0.452554
0.900405
0.296044
0.426813
0.392413
1.02164
0.377943
2.12218
0.7933
1.00921
0.28003
0.169859
0.975851
0.410621
1.31718
0.0616604
0.696368
1.09255
0.404447
0.201955
0.714482
0.516846
1.21044
1.06385
0.347766
0.404249
1.87129
0.600308
0.935132
1.22146
0.259218
0.817073
0.157258
0.142127
1.56732
0.413059
0.60828
0.194672
0.43314
0.802408
0.185658
0.100658
1.57386
1.13518
0.19799
0.345081
0.920466
0.972613
0.489204
0.966699
1.66531
0.2864
0.40665
0.230495
0.361311
1.85144
0.57994
0.327483
0.4228
0.84214
0.786018
0.256453
0.439223
1.04424
0.129283
0.635362
0.455706
0.438029
0.235705
1.11776
0.246941
0.136971
0.156349
0.915894
0.255838
1.54491
0.365855
1.35915
0.336656
0.188958
0.144627
0.841649
0.262269
0.828592
0.516187
0.436863
0.291625
1.28207
0.791364
0.107056
0.714123
0.41041
1.8706
0.77301
0.363056
0.466032
0.264004
0.272342
0.223511
0.411477
0.27018
0.626598
0.205234
0.202943
0.255932
0.369719
1.35699
0.394183
0.0568243
1.37801
0.847496
1.50164
1.129
0.0954254
0.752347
0.217954
0.384293
0.23873
0.303422
0.108337
0.839689
0.362708
0.0534135
0.75156
0.737109
0.106301
0.104957
0.528796
0.357834
0.32931
0.35287
0.0732462
0.893643
0.87834
0.113991
0.262835
0.833106
0.188733
0.483198
0.322504
0.0174929
0.206891
0.597704
0.0577062
0.154506
0.948869
1.99171
0.471985
0.510053
0.344988
0.331296
0.710178
0.780975
0.164712
0.676572
0.210889
0.231244
0.170074
0.201698
0.145726
0.550384
0.7806
0.50589
0.589186
0.197588
0.382001
1.02435
0.362108
0.531617
0.100265
0.113899
0.430639
0.748418
0.566008
0.388156
0.694493
0.45127
0.256289
0.171058
0.58096
1.16473
1.02952
0.271131
0.298639
1.19623
0.148486
1.32514
0.325885
0.117388
0.18784
0.890404
0.362106
0.0310644
0.13
0.28936
0.00583095
0.168941
1.45951
1.23333
0.691955
0.309782
0.710259
0.87225
0.379733
1.27916
0.0502494
1.05462
0.363639
0.3461
0.0758222
0.291342
1.09716
0.192023
0.197618
0.151822
0.446028
0.623077
0.292828
0.704424
0.74013
0.34783
0.193982
0.0967471
0.840162
0.311642
1.06523
0.231899
0.438488
0.224876
0.270703
0.438831
1.45397
0.50852
0.579656
1.56933
1.10585
1.15687
0.818507
0.111973
0.620301
0.462171
0.50458
1.27042
0.554322
0.390877
0.397296
0.314963
0.75115
1.17617
1.26445
0.126016
1.19628
0.380033
0.716367
0.689975
0.305523
1.00473
0.494232
0.24491
0.499155
0.642573
0.872081
0.112361
0.717008
0.826676
0.318912
0.917407
0.520886
0.409649
0.520216
0.640715
2.3921
0.690922
1.36068
0.291002
0.213063
0.115039
0.417785
0.147733
0.341669
0.354803
0.507326
0.277627
0.808387
0.715157
0.172351
0.00806226
0.844249
0.536352
0.802521
0.23904
0.409255
1.03654
0.146
0.805293
0.396126
0.0707107
0.546155
0.0974166
0.484434
1.20211
1.15244
0.15347
0.184589
0.696271
0.512657
0.409207
0.376294
1.07102
0.443979
1.17833
0.753024
1.75436
0.173459
0.0799312
0.726463
0.937914
0.931413
0.156924
0.545916
3.33768
0.926608
0.292684
0.756483
0.130146
0.273095
0.0890505
0.966864
0.0402616
0.26998
0.28066
0.455432
0.0972677
0.480708
0.18285
0.165148
0.97207
0.0791202
0.500373
0.338789
0.611191
0.327666
0.979379
0.079404
0.889527
0.197773
0.14345
0.389755
0.0151327
0.468803
0.590163
0.757761
0.388882
0.0442719
0.76173
0.45907
0.443191
0.329621
1.24162
0.424156
0.65124
0.56652
0.322704
0.469013
1.03118
1.38652
0.857658
0.51154
0.227669
0.192419
0.166235
0.291563
0.279551
0.756987
0.517448
0.347013
0.40602
0.133417
0.164842
0.548647
0.570923
0.278525
0.162542
0.105119
1.60786
0.107912
0.0848999
0.445983
0.343373
0.889967
0.275002
0.372877
0.533619
0.283736
0.100285
0.639841
0.623895
1.20037
0.446643
0.284121
0.0736817
0.0848999
0.370697
0.101833
0.338435
0.352165
0.236449
0.668261
0.231138
1.10789
0.25849
0.832328
0.724025
0.326025
0.928121
0.165109
0.288517
1.18623
0.862951
0.424947
0.374114
0.614076
0.310644
0.135385
0.482031
0.717402
0.181794
0.342345
0.471394
0.696646
0.7756
0.732675
0.753884
0.320039
0.0824621
0.0373363
0.515633
0.596611
0.786049
0.495903
0.270204
1.84334
0.501483
0.280713
0.10373
0.888254
0.294703
0.297417
0.219112
0.596091
0.373484
0.502873
0.40643
0.484831
0.401368
1.02493
0.668468
1.54307
0.0939628
0.663754
0.0997647
0.955443
0.660136
0.252448
0.680132
0.349201
0.237034
0.814177
0.877021
0.910639
0.592439
0.476945
0.501949
1.72448
0.238296
0.114769
0.408598
1.43953
0.755149
0.313984
0.291076
0.413098
0.263501
1.31718
0.444559
0.85665
0.552442
0.0290689
0.0886454
0.908721
1.68801
0.408
0.401659
0.623039
2.0455
0.188502
1.11132
0.270224
0.0134164
1.18178
0.203494
0.700777
0.279432
0.116284
0.508658
1.58584
0.321629
0.854218
0.91314
0.548994
0.318352
0.183295
1.64038
0.306203
0.448282
0.16868
0.476177
0.515414
0.980025
0.155467
0.0796241
0.580955
0.569723
0.493146
0.927216
0.485408
0.188112
0.0967988
0.118068
0.306139
1.70334
0.297834
0.149967
0.157918
0.033541
0.835843
0.311077
0.378118
0.664075
0.292617
0.808402
1.11115
1.371
0.302761
0.492667
0.141834
0.12596
0.438321
0.217366
0.986621
0.599793
0.156924
0.745399
0.340178
0.450389
0.249756
0.245367
0.456483
1.54173
0.801102
0.176822
0.622415
0.362083
0.167335
0.354397
1.40315
0.550563
0.109636
0.253503
0.323633
0.0633246
0.764213
0.404401
0.985012
0.222171
0.515571
1.08555
0.433665
0.371049
0.492879
0.441715
0.252622
0.332561
0.706102
0.134893
0.325725
0.339
0.380296
0.472987
0.0955249
0.91268
0.302576
0.261306
0.479634
1.19467
0.351864
0.512653
1.18646
0.603755
0.402484
0.231225
0.247913
0.386943
0.173003
0.653777
0.915181
0.651758
0.559
0.290341
0.0530094
0.368973
0.106794
0.0822192
0.456133
1.19628
0.268365
0.387439
0.721006
0.25281
0.451824
0.44411
0.134495
1.15499
0.451878
0.36646
0.382753
0.176185
1.0199
0.20004
0.0730616
0.0538516
0.331545
0.121235
0.295169
0.219693
0.33247
0.201221
0.202544
1.01109
0.201695
1.12797
0.27049
0.313081
0.512062
0.229478
0.139359
1.23711
0.812628
0.973359
0.464389
2.31519
0.195243
0.22602
0.101607
0.112432
0.197084
0.243002
0.234617
0.48491
0.599213
0.658092
0.177025
0.587412
0.422168
0.827068
0.311373
0.444545
1.73364
0.156818
0.146185
0.81333
1.10465
1.05158
0.296978
0.160863
0.413566
0.292554
0.560747
0.59595
0.2133
0.697685
0.065
0.317266
0.0997296
0.982858
1.43817
0.195359
0.199249
0.377308
0.237255
1.66581
0.2814
0.307189
0.623503
0.0528867
0.787109
0.486055
0.807744
0.931923
1.28585
0.311827
0.454824
0.240402
0.580774
1.07375
0.506306
0.122984
0.263441
0.634741
0.3223
1.30317
0.994703
0.449401
0.474384
0.318523
1.01578
0.645384
1.19084
0.671751
0.21068
0.128752
0.303699
1.22981
0.363589
0.493705
0.400935
0.399805
0.385369
0.247843
0.417567
0.392094
0.330297
0.384865
0.117239
0.661876
0.52996
0.11887
1.07831
0.165895
0.045
0.216453
0.714318
0.708071
0.498439
0.699629
0.126621
0.497821
0.919711
0.298107
0.115486
1.50753
0.110725
0.401404
0.337001
0.350801
0.873717
0.870869
0.495362
0.34807
0.225411
0.246351
0.269253
0.320601
0.166859
1.56087
0.679182
0.158231
0.359762
0.742445
0.39851
0.361681
0.641787
0.107629
0.220735
1.40263
0.277088
0.389668
0.313691
0.180867
0.385001
0.770669
0.113745
0.15
0.207617
0.180422
1.0744
0.147003
0.101005
0.0799812
0.1336
0.265452
0.640314
0.14799
0.802178
0.798564
0.503934
0.774685
0.302655
0.350474
0.206303
0.540638
0.524802
0.288461
0.0661891
0.215342
0.529122
0.308869
0.310628
0.220731
1.46265
0.150053
0.0980051
0.721997
0.4364
0.354232
0.108632
1.0754
0.0911976
1.05067
0.728188
0.397141
0.234062
0.496372
0.25038
0.126921
0.297846
0.24067
0.712632
0.637182
0.541421
0.347338
0.197649
0.389281
0.068352
0.226268
0.543769
0.470537
0.0520865
0.713824
0.11697
0.0475079
0.286923
0.515102
0.682825
0.783855
0.0422019
1.47918
0.853971
0.803933
0.491769
0.268732
0.259023
0.123406
0.478608
0.546594
0.081939
0.0835284
0.45096
0.274016
0.190665
0.725323
0.270007
0.749486
0.65442
0.550568
0.684363
0.469465
0.797603
1.37647
0.608331
0.49949
0.413918
0.417001
0.269453
0.41708
0.301378
0.0630317
0.0487647
0.365978
0.102728
1.15507
0.75635
0.684796
0.835929
0.1664
0.276525
0.105603
1.10129
0.607166
1.08141
0.351241
0.642315
0.499009
0.167075
0.791927
1.1561
1.26572
0.514946
0.847869
0.668169
0.327344
0.532257
1.05232
0.351639
0.284754
0.0359026
0.844524
0.721391
0.4614
0.050774
0.245967
0.502021
0.104235
0.384884
0.182661
0.241868
0.342329
0.224179
0.156579
0.253428
0.150416
0.415217
0.126115
1.04347
0.0589406
0.153395
0.521983
0.0820975
0.872684
0.327588
0.356385
0.268494
0.068884
0.325972
0.239309
0.380349
0.564788
0.125431
0.226142
1.05316
1.05563
0.726529
0.719201
0.724168
0.723581
1.06754
1.09611
0.785092
0.210354
0.341422
0.311174
0.211804
0.439892
0.409987
0.458263
0.208471
0.467424
0.142341
0.20412
0.6422
0.672102
1.03159
0.313551
0.973293
0.771749
0.0777946
0.167836
0.686921
0.330442
0.360057
0.0903549
0.665674
0.959904
0.334389
0.141676
0.27398
0.127283
0.517015
0.399472
0.164149
0.394346
0.133405
0.655811
0.0973293
0.700346
0.465027
0.26724
0.170558
0.461686
0.38635
0.235595
0.311578
0.361222
0.0773886
0.479827
0.0374833
0.169956
0.426307
0.169189
0.371131
0.838005
1.59501
0.691088
0.0725672
0.457073
2.00083
0.175866
0.190683
0.193197
0.21664
0.284763
0.777723
0.206737
0.287068
0.613892
1.18898
0.639031
0.295481
0.572812
0.261429
0.332521
0.712486
0.103942
0.739295
0.84178
0.533856
1.66551
1.7867
0.606601
0.563448
0.129449
0.659431
0.104
0.496912
0.741244
1.87965
1.17017
0.48478
0.365308
0.220384
0.384005
0.745588
0.301702
0.776292
0.0763217
0.690312
0.138452
0.397549
0.782328
0.239908
0.868978
0.640953
0.31257
0.59131
0.290642
0.686033
0.422522
0.330551
0.716886
0.753565
0.486374
1.00738
0.381608
0.372839
0.104062
0.384361
0.125718
0.775281
0.431208
0.674036
0.075
0.335037
0.630087
0.477381
0.402356
0.0965401
0.299822
0.285449
0.526872
0.377196
0.125028
0.737328
1.04467
0.564514
1.63504
0.231821
0.339531
0.872824
0.817215
1.15622
0.908674
