-99.9956
99.9956
-99.9956
99.9956
99.9956
99.9956
-99.9956
99.9956
99.9956
99.9956
99.9956
-99.9956
99.9956
99.9956
99.9956
-99.9956
99.9956
99.9956
99.9956
-99.9956
99.9956
-99.9956
-99.9956
99.9956
-0.0123
0.0129
-0.0073
-0.0654
-0.0206
0.1081
-0.288
-0.4691
-0.3353
-0.3175
-0.1861
-0.2829
-0.1023
0.1693
0.2458
0.061
1.4019
0.0752
-0.3372
0.9002
0.4361
-0.1401
0.2694
0.936
0.4706
-0.1334
0.3236
-0.7906
0.3738
0.5925
-0.1162
-0.1562
0.4501
0.4783
-0.1897
-0.627
1.4573
0.2682
0.1109
0.2333
0.0288
0.2393
0.1538
-0.1693
-0.6411
-0.4689
0.9653
0.2412
-0.6016
0.4298
0.2211
-0.6035
-0.3029
-0.8708
0.2407
-0.232
0.1461
-0.5542
-0.4494
-0.209
-0.1066
0.0232
0.2768
-1.5202
-0.3111
-2.623
0.6469
2.4963
0.5423
-0.113
-0.2015
-0.1031
-1.6268
-0.9253
-0.5284
-0.7335
-0.7019
0.108
-0.0296
-0.379
0.3353
-0.2978
1.3483
0.3382
-0.9926
-2.0261
1.1936
0.114
-0.0326
-1.0379
0.1393
-0.3384
-0.2026
0.0702
0.0824
0.6918
-0.4895
-0.0236
0.4702
-1.0341
0.158
0.8473
2.1752
1.4337
-0.5009
-0.0863
-0.1361
-0.7422
0.1746
-0.452
-1.1481
0.5544
-0.2215
-0.6581
-0.1567
0.3943
0.6881
0.1865
0.8393
0.6836
-0.7504
-0.6341
0.5943
-0.5181
0.0281
-0.0366
0.1752
0.9914
1.2523
0.5347
0.5801
0.8011
1.7377
1.8211
0.0061
-2.0424
-0.0189
-0.2957
0.2064
2.7651
-0.6798
0.6469
-1.1012
-0.325
-0.0749
0.0046
0.521
0.1129
-0.8314
-3.442
-2.9982
0.4717
0.7949
-0.5859
0.1101
0.1012
-0.7106
-0.3106
-1.9668
-0.5639
-0.2708
0.5512
0.076
-0.0748
0.3196
-1.3415
0.2208
0.1005
0.0542
0.3841
0.1657
0.4549
0.1282
-2.0658
-1.0385
-0.0117
0.1499
-0.7046
0.349
-0.379
-0.3502
-0.0889
-0.6042
0.1143
-0.1035
-0.4637
-0.6234
-1.767
0.1343
-0.5032
0.1714
-1.1234
0.0994
-0.1286
-0.155
-0.1234
0.7595
0.018
-0.5418
-0.3679
0.2189
-0.1566
-0.5459
0.0918
-0.0929
-0.5888
-0.0469
0.007
-0.4956
0.8446
-0.4153
1.42
0.0473
0.8072
1.0272
1.2369
0.4398
-3.9926
0.3618
0.2784
0.4196
-0.0105
0.4334
1.4826
-0.4077
0.4761
0.163
2.9305
0.4295
0.1398
0.3045
0.1964
-0.0655
0.0478
-0.2773
0.2436
0.2551
-0.0447
-0.0973
-0.2736
0.9008
0.141
-3.947
0.0973
-0.2439
-0.3854
0.5578
-1.1444
-0.1747
-0.1408
0.6198
-0.3607
1.4311
0.3704
0.1793
0.6961
-0.3419
-0.1164
0.0857
0.1978
0.7566
0.2688
-0.2163
-0.5356
0.1066
0.4136
-0.9272
-0.0179
-0.0611
0.268
0.431
-0.1665
0.0109
-0.1634
-0.2823
-2.1634
-0.3282
-0.2886
0.2955
0.1665
0.1428
-0.0289
0.8161
-0.305
0.5909
-0.0361
-0.6843
-0.0073
-0.1287
0.0154
-1.6284
0.0445
0.9255
-0.2419
0.5082
-0.0332
-0.6438
1.1853
-1.1512
0.0364
-0.4111
-0.0998
4.7956
0.112
-0.5974
0.4206
0.0029
1.3818
0.1988
1.5662
-0.583
0.178
-0.2901
-0.3632
0.3976
-0.5624
1.4497
0.4609
-0.0441
1.0377
-0.1228
-0.2756
-0.4906
-1.1864
0.2024
-1.159
1.8808
-0.55
-1.087
4.4957
-0.7193
0.4336
0.0149
-1.7451
0.1534
-0.2249
0.051
-0.0835
1.0719
-0.163
0.1238
-0.8613
-0.1179
-0.1497
-2.076
0.6507
-0.5958
0.1172
-1.3615
-0.5179
0.4788
0.2742
-9.194
0.6197
-0.2035
0.419
0.0046
0.9537
0.1688
-0.3349
-0.0454
0.2577
4.6974
0.0079
0.1025
1.5655
0.1029
0.6673
-0.4813
-0.7592
0.4048
-0.8125
0.0476
-1.0722
0.3759
0.6575
-0.3082
-0.4551
0.1273
1.8164
0.0434
-0.7585
-0.1278
-2.5089
0.0956
1.7177
1.1766
-0.1059
-0.07
0.1278
-1.3326
-1.2924
-0.0225
0.3945
0.1016
-0.0957
-0.5353
-0.1144
1.7241
0.4547
1.0395
2.3414
-0.0163
-0.7276
-0.1681
-0.4407
-0.3839
-0.0732
0.1453
2.3334
0.2902
-0.5025
0.4823
-0.3532
-1.3272
2.2596
-0.1258
-0.0583
0.6628
-1.9136
-0.5535
-0.3728
-0.121
-0.0142
0.6347
-1.3096
-0.2313
0.161
-0.1944
-0.8734
-0.7425
-1.8774
-0.0601
-1.5707
0.3633
-0.1464
-0.5055
0.0627
-0.4658
-0.0403
-0.4519
0.667
-0.9567
-3.2463
0.8696
-0.1954
-0.3737
2.2273
0.6793
0.394
-2.4964
-0.1973
0.0608
-0.0106
0.3103
1.5049
0.3161
0.7545
1.0073
-0.2238
-2.8997
-0.0463
-0.045
-0.6177
-0.3417
-1.5079
-0.3
0.9039
-0.1353
0.0056
-0.2968
1.0048
-0.195
-0.4194
0.4294
-0.8688
-0.3151
0.4013
0.023
-0.0796
0.3841
0.046
-0.3177
1.3321
0.2968
24.266
-0.4833
0.1904
-0.3704
0.0002
0.5728
0.16
0.4651
0.6511
0.0233
0.9231
-0.1353
0.7756
1.6657
-1.5119
0.1571
0.1485
-0.3908
-0.0197
0.1077
0.1457
0.0969
0.0582
-0.0598
-1.0853
-1.2147
1.0612
-0.3604
0.307
-0.243
0.2834
0.9422
0.4773
0.1631
-0.5669
1.6015
-0.3799
0.1325
-0.0426
0.3441
-0.05
-2.102
-1.5871
-0.0901
-0.9342
-0.5161
-1.3986
-11.8974
-0.6898
0.3439
-0.0784
-1.2495
-0.1642
-0.0026
-0.368
-1.6579
-0.2167
-0.2216
0.4779
-0.2441
-0.0932
-0.0258
-0.4392
-0.511
-1.0102
-1.3132
0.696
0.0472
1.1098
-0.024
-0.126
0.3146
1.1967
0.7165
0.1578
0.6955
6.794
1.0295
-0.2017
-2.0797
0.2467
0.1257
-0.0873
5.9463
-2.9658
-0.1524
0.084
0.0906
-0.0474
0.5086
-1.906
-1.2115
0.327
0.1815
-0.2901
0.8505
-0.0177
1.0931
-0.1259
4.6948
-0.1851
0.5115
0.0142
0.3156
0.1776
0.6595
0.5517
-0.7427
11.2085
0.8182
0.3919
-0.0117
-0.6704
0.5584
-0.8994
-0.1887
0.0299
0.9866
0.3582
-0.0638
-0.3528
1.7853
-3.1475
0.4592
0.8088
0.1113
0.359
-2.4008
0.7178
1.9969
-0.5651
-0.6351
0.4572
-0.6128
0.4112
-0.0422
-0.2082
-0.374
0.0238
11.4234
0.2673
0.0167
-0.074
-0.1562
0.0723
-0.1153
1.6978
-1.4627
-0.873
0.2341
0.299
0.4449
2.4455
0.4727
2.4138
0.0716
-0.0047
0.0913
-0.344
1.2062
3.4406
-3.6297
1.0954
0.0185
2.3802
0.4796
0.0431
-0.2564
-0.1011
-5.0415
-0.1028
0.8145
-0.0389
-0.6531
0.2707
0.0167
0.0677
0.2086
0.1183
-1.0128
-0.047
-0.0121
-0.5894
0.2039
-2.5003
-0.7124
-2.3155
5.8807
-1.9308
-0.2531
-0.0798
-0.2114
-1.102
-0.2703
-0.2856
-1.0139
-0.1319
-1.81
-0.3709
0.3398
-1.2522
-0.1939
0.3962
0.0979
0.6527
0.5535
2.2982
-0.112
0.4151
0.0855
0.1043
0.417
-0.1553
-0.4512
-0.0825
-0.3948
0.6584
-0.1991
-0.2551
-0.2859
-0.1419
-0.8203
-0.7973
-0.2232
-0.5321
-0.8001
0.8693
0.0654
-0.1904
0.071
-0.4693
-0.1362
-0.2201
0.2711
1.2798
-0.5832
0.1777
-0.0608
-0.4976
-4.8263
-0.0481
-0.0938
-0.5271
0.3322
-0.8808
0.3885
-0.1528
1.5202
3.8481
-0.006
0.4317
-0.0422
0.0609
0.2171
-0.5005
1.3416
-0.0092
-0.026
0.0753
1.6491
-0.6472
-6.1215
-0.0816
-0.2411
0.7634
2.0206
-1.299
0.0127
-0.9131
-0.3132
-0.2557
0.162
0.2599
4.1159
-4.609
3.3032
0.76
0.1349
-0.5057
-0.2061
-0.1587
-0.4083
0.021
1.2013
0.9745
-1.2426
-0.3367
-0.4057
0.1948
0.0454
0.2901
0.1317
-0.1267
0.0674
0.0426
-0.5451
1.3276
2.111
-0.2473
0.5995
-2.1658
5.227
0.3324
-0.307
0.9467
-1.3021
-0.9176
-0.6715
-0.0418
0.0164
0.4236
-0.0511
-0.4094
-0.892
0.1356
-0.1792
0.0516
-0.0317
2.2326
-2.6605
-1.6222
-0.1806
0.3727
0.5841
0.1154
0.3496
1.1455
1.1943
-0.0775
0.5848
-0.0318
0.1391
-0.4447
-0.3238
-0.0806
0.2526
-0.1664
-0.7885
-0.1771
0.0245
-0.1611
0.0591
0.8104
-0.1127
1.4191
0.9354
-0.1008
-0.8203
-0.2072
0.1755
-0.3366
0.6921
1.018
0.5876
0.9426
3.203
-0.8473
0.6212
1.2646
0.2817
0.6893
0.1525
0.154
-0.6737
0.1588
-6.8195
0.0545
-0.5672
-0.3513
-0.3996
-1.6094
-0.2537
0.0476
-0.2277
0.4798
0.0876
0.495
0.0524
0.3797
-2.1315
1.9685
0.7841
-2.2319
-0.3888
-0.0897
-0.3134
-2.4991
0.4226
-0.2936
-0.6168
-0.0293
-1.0475
-0.8043
0.2086
1.4466
0.9943
-0.0513
-1.306
0.5861
0.0076
0.0981
1.2732
-0.844
-0.171
0.8345
0.461
0.1469
-0.2866
0.0834
0.3774
1.95
0.9682
-1.356
-0.1648
-0.0121
-2.6357
0.4237
0.4982
0.1224
0.2173
-0.2393
0.749
0.6027
-1.0899
-3.0869
0.7052
0.0585
-0.4228
-0.2809
1.0322
-0.2891
-1.103
0.116
-3.9189
-2.0035
-0.3276
-0.0389
0.133
-0.219
0.2595
0.1774
-0.5498
1.1957
-0.1074
-0.3228
-0.1253
-0.21
0.8701
-1.6285
0.3869
0.0699
0.3416
-0.0599
0.1396
-0.3511
-2.9611
-0.4883
-0.08
0.4251
-0.3927
-0.1277
-0.0939
-3.5184
-0.1968
9.4995
-0.1984
1.468
-2.0441
-0.7199
0.2031
-1.1224
-0.6111
1.5679
0.3227
-1.0221
-0.0176
1.451
-0.0048
0.3252
-0.2356
-0.9982
1.3099
-1.1487
-0.1968
-0.9488
0.2678
0.949
-1.1527
1.7358
-0.3424
-0.7739
-0.386
0.1722
0.2202
-0.0861
1.1245
0.0796
-0.1097
0.0147
-2.9882
0.4334
-0.2633
-0.0069
0.1582
0.292
0.4357
0.4479
0.2952
-0.1291
-1.5404
0.0758
-1.887
-0.4454
2.9191
0.3666
0.1678
0.9031
1.4618
0.7052
-1.2264
-0.0766
-0.4554
0.4885
-0.0338
-0.4888
2.1279
0.0751
-0.8022
-0.2585
-0.1295
-0.2822
-0.2668
-0.4309
0.3416
0.1244
0.3928
-0.3563
0.4295
0.3219
-0.1872
0.1697
-0.2874
-0.5366
-0.0031
-0.0103
1.1793
0.1322
0.659
0.114
0.2032
0.2259
0.2677
0.0616
1.0561
-0.0179
-0.0479
-0.2823
0.1893
-2.5054
0.4559
-0.1527
0.3918
0.097
-0.2435
0.2251
-0.6358
-0.2906
-1.7355
-1.247
0.535
-0.2794
-3.0243
-0.4522
0.1653
0.8738
1.3369
-0.1876
-0.0424
-1.0728
0.6336
0.2566
0.2347
-6.9895
0.1412
0.0756
5.6101
0.1243
-0.4101
0.1843
-1.3071
0.2576
-0.1419
-0.238
-0.4697
-0.0036
-28.2789
4.6151
2.7768
-0.0505
-0.3157
-0.1751
-0.5849
-0.5383
0.1535
-2.6621
-0.5236
1.254
-0.7858
-0.2869
-0.6356
1.1717
-0.4966
1.9649
-0.7335
0.2865
-1.0577
0.6683
0.393
0.2393
-0.3863
-8.2677
-2.7731
0.0075
0.1266
-0.0381
0.3337
0.0083
-0.4799
-0.3511
-0.6294
-0.3428
0.0182
0.749
0.5463
1.0986
0.9665
0.1543
-1.5704
0.2426
-0.5258
-1.0729
0.5552
0.2553
0.2562
-0.581
3.3264
0.7301
4.3619
-0.4117
1.7293
0.0074
-1.0478
-0.7867
0.248
1.4054
0.1851
0.057
0.3487
-0.3335
0.3345
0.0269
-0.2254
-0.0613
-0.1314
-0.2241
0.1081
0.152
13.1817
0.0014
0.7624
-0.0686
0.2083
-0.1918
-0.17
-0.6124
-0.513
1.8969
1.4636
-0.575
0.4079
-2.2111
-0.6915
-1.1948
0.2133
0.3034
1.5344
0.3878
-0.0687
-0.0546
1.4517
0.7464
-0.0024
0.1727
0.8373
-0.14
1.0583
-0.7814
-0.0114
0.1054
-0.1185
0.0707
-0.0898
-0.0038
-1.1608
0.1298
0.8639
-0.099
-1.3043
-1.6278
-0.3926
-0.9382
-0.8234
-0.2642
-0.2596
-0.7772
0.0748
-2.8619
-0.1237
-4.7136
-0.0504
0.7472
0.0818
0.5165
-0.6172
0.5177
0.0334
-2.4234
-0.3394
-0.3879
-1.6392
-0.8429
0.7158
-0.1476
-0.3789
-2.3885
-0.0715
0.1111
0.2673
-0.6671
-0.1209
-0.9037
-0.6903
0.5889
-0.0813
0.4155
-0.6633
-0.078
-1.1369
-0.0816
-0.2141
-0.2198
-2.5534
0.5041
1.288
1.7088
-0.6522
-0.0472
-0.2852
1.7179
-1.0458
-0.707
0.6345
-0.1287
-0.5507
0.3117
-0.238
1.4588
0.2835
-0.3885
6.5931
1.5548
-0.3032
0.2059
-1.6547
0.4259
0.1157
0.0146
0.0281
1.7769
-0.2179
-0.8292
1.6603
0.1102
0.2146
0.2755
-0.1415
-0.6249
-0.1844
-0.28
0.0247
-1.2229
-0.5975
-0.2548
-0.9301
0.3214
-1.422
-0.479
0.3145
1.0582
0.1147
0.1363
0.5138
0.1428
0.4248
-1.6034
0.5833
0.6049
0.8644
0.7095
4.7134
-1.3146
1.1528
0.5591
-2.5163
-1.0213
0.0172
0.5792
-1.1178
-0.1759
1.6949
0.2455
-0.2258
-0.65
0.2682
-1.5704
-0.4042
-0.0009
0.0753
-0.5798
0.0448
-0.0839
0.7539
0.9515
-0.1838
-7.2409
-0.1009
0.3906
-0.0332
0.1755
0.0266
0.1317
0.072
1.3331
0.0667
0.2557
-0.0803
0.068
0.18
0.4045
0.4397
0.1058
2.7574
-0.2796
0.2978
-0.1372
-0.6224
0.5674
-1.573
-1.7669
0.3089
-0.4744
0.2891
5.1416
-0.0167
-1.5106
-0.3427
0.2368
-0.1732
-0.6059
-0.8903
0.9568
-1.6842
0.2617
2.7071
0.7543
0.8169
0.604
0.6855
-0.2809
0.567
0.3569
0.4762
-0.0637
0.7333
0.0335
0.1187
0.8275
-1.8129
-0.8632
0.726
0.9393
1.9689
0.3279
-4.2832
1.4362
0.4838
-0.2019
0.0701
0.4761
-0.3013
-0.9574
0.9856
-0.2019
0.0423
-0.7006
0.5769
-1.5066
0.678
-0.3474
-0.073
-0.0726
0.0205
1.8874
0.1171
0.3372
-0.1571
2.3734
0.8474
-0.6605
0.6162
0.5262
1.2309
-0.0075
-0.0159
2.6384
3.6285
0.1789
-0.6577
0.3109
-0.2905
-0.1194
0.1082
-0.2427
0.0275
0.8523
-0.7512
0.0584
-1.0145
-0.0647
-0.5582
-0.1555
-0.2159
1.5331
0.5064
0.2124
-0.2987
0.5145
1.5429
1.3286
0.265
-0.0341
0.5565
-0.1591
-0.013
1.2817
-0.3464
0.8983
-0.2694
-0.0909
2.4872
0.2103
-0.3249
0.0142
-1.489
-0.9049
1.741
-0.7591
-0.5353
-0.1028
0.1916
-0.4195
0.4502
0.0911
-2.1004
0.6798
-3.4245
-0.1472
0.9549
-0.0692
-0.0381
-0.0243
0.0499
-0.3368
0.2886
-0.6315
0.1488
-0.3033
0.1627
-2.1071
0.1775
-0.023
-0.1864
-0.835
-0.0128
-0.5225
0.2991
-0.2786
0.4683
1.1789
0.0175
0.656
-3.3867
0.1765
-0.5398
0.6865
0.4627
0.4741
0.4757
-0.1445
0.749
-0.3252
0.2385
0.6453
0.0543
-0.1355
1.8043
-0.6865
0.3866
1.7742
-1.4152
0.088
3.4964
-0.9765
-1.4372
-0.3689
2.6299
0.2984
-0.2324
-1.519
0.8634
0.6607
-0.1878
-0.29
-0.3636
0.7919
-0.3817
0.6016
0.0565
0.8167
-0.1888
0.0467
0.363
-0.0147
0.2982
0.2622
1.3774
0.4907
0.4595
-4.6339
1.2922
-0.2971
-0.2729
0.1219
-0.1647
0.3969
-2.9702
0.3901
-0.1748
1.7878
0.575
-1.1888
1.2218
-0.8548
0.4035
-1.8475
0.3147
0.008
0.0538
0.9977
-0.0175
0.0835
0.0915
0.0574
-0.2884
-0.1397
0.2521
-0.0295
0.3702
0.3495
-0.0833
0.1827
-2.4639
0.0986
0.256
-4.0128
0.4799
0.1699
0.4216
-2.593
0.3035
-0.0977
0.5418
-1.2462
0.3535
-0.57
-0.1591
-0.2124
-0.0089
0.0658
-0.1466
0.1966
0.1685
0.1233
0.0403
-1.6924
1.7639
-0.4228
0.3539
0.2474
1.7331
1.7844
0.1318
-2.7621
0.2099
-0.015
-0.0218
0.1912
-0.0549
-0.0794
-1.2466
0.0766
-0.0644
1.3347
-0.0473
-0.0312
-0.3597
0.3594
1.0347
-0.9441
-0.4103
-0.0035
-1.1168
-0.9415
-2.2952
0.8903
-0.0218
0.3903
0.1179
0.2602
-0.0973
0.0499
-0.2252
-2.8513
-11.7506
-0.338
-0.3659
-0.747
-1.5233
0.0373
8.3355
-0.1748
0.2036
0.3213
-0.226
0.1283
-0.367
0.0763
0.9621
-0.1924
-0.435
0.0771
-1.1481
0
-1.4576
-0.939
0.2684
-0.0235
-0.4395
0.0509
0.0166
0.1121
0.3773
-0.1931
-0.2239
-0.8446
-1.2287
0.2362
0.1949
1.3292
0.8958
0.2173
-0.908
6.4796
-1.4985
-0.6089
-1.3209
1.3958
-0.0585
27.2395
0.8921
0.0304
1.1617
1.2145
-0.1865
-0.7508
-0.075
0.6438
-0.2891
-5.1989
2.3657
0.1126
0.0377
-0.2104
-2.5156
0.1947
0.2967
-0.6123
0.746
0.5377
-0.412
0.6327
-0.4299
-0.4398
-0.5313
2.7661
0.5505
0.99
2.5369
-0.0188
0.2564
1.4259
-0.9432
-0.8706
-1.1749
1.7942
0.2867
-0.1859
-0.0376
-0.7639
0.2124
-0.3292
-0.102
0.0113
-0.5193
-0.2481
0.6495
-0.2741
-0.2131
0.4744
1.7085
-0.0514
0.6023
-0.143
1.1075
-3.182
0.0325
-0.0439
0.2546
0.1449
1.4233
-0.0438
-0.2714
-1.063
-0.916
0.025
0.2891
-0.6982
-1.2442
1.0617
0.1289
0.0409
0.1593
0.2675
-0.1041
0.2532
-1.3973
-0.0381
-0.3102
-1.6635
-1.5862
-0.07
-9.1307
0.224
-0.2568
-1.2321
1.6453
1.3671
-0.1667
0.1066
-1.1079
0.2553
-0.2689
0.4249
0.6717
0.3211
-0.7215
0.0774
2.4943
0.9971
0.2738
0.0153
-0.8661
0.9367
-0.0572
0.6146
0.4601
-0.265
2.3929
-1.0055
0.0696
0.4345
0.306
-0.1685
1.4332
1.1396
0.8098
-0.1269
-0.1805
-1.717
-0.3934
-1.2393
2.2769
-2.0728
1.0877
0.1602
0.3907
2.6447
0.0904
-0.9578
-1.494
-0.0971
1.9118
0.1711
-0.5044
-0.057
-0.171
0.8035
-0.1724
0.4592
-0.912
-0.1727
0.0442
2.4923
-0.4728
0.8907
2.1964
-0.8672
-1.2868
0.7962
-0.4318
0.3512
0.1871
-1.0988
0.3271
0.419
-0.4154
-1.847
-0.2299
-0.6818
-0.2378
1.5292
-0.1971
-0.3365
1.4187
-0.0067
-0.4965
0.9214
-0.1166
0.0485
0.3223
-0.2069
-0.6751
-0.7749
-0.3052
0.1114
-0.883
-1.496
-0.28
1.7041
-1.577
0.5162
-0.1376
-1.698
-0.0797
-1.084
-1.1825
-2.952
0.642
-0.4935
0.543
0.2736
-4.4744
0.774
-0.835
0.382
-0.6347
-0.1795
0.927
-0.5432
-0.2226
-0.1791
-0.867
-0.7912
1.1275
-0.0831
-1.2918
-0.1386
0.131
1.7779
0.2081
0.78
-0.8108
-0.2201
1.877
0.6323
0.727
1.1525
0.7666
-1.0167
-4.5678
-2.7711
0.9477
1.5463
0.116
-0.0956
1.9618
0.8238
1.3147
-0.4815
3.4656
-0.7934
-4.0584
0.4153
-1.5903
-0.9758
0.6772
0.5838
-0.6695
0.9242
-1.6599
-0.7245
0.7111
-0.073
-1.1912
5.2202
-0.3824
-0.6427
-0.4693
-0.3405
-0.0819
1.1436
-1.6812
-0.3379
-0.2138
1.5019
0.2271
-0.7787
-0.0853
-0.145
0.0632
0.0405
-2.9403
-2.4289
-0.1958
-0.2979
6.2048
-0.0989
-0.2948
0.1996
-1.4313
-1.242
-0.1187
0.6872
1.5832
0.2908
-0.0669
0.0078
-0.3993
-0.8168
0.8231
0.6759
-0.1666
-0.4279
0.4492
-1.0816
-0.4089
0.2091
0.0125
1.5144
0.1358
0.7058
-0.1991
-1.2354
-0.0476
-0.7575
0.62
0.2278
-0.1959
-1.0922
0.6939
-1.406
2.386
-0.4249
-1.6075
0.2681
3.8554
0.1233
-0.1923
-0.1799
-0.2613
1.3536
-2.3549
0.0291
-0.0629
1.948
-0.2817
-0.55
0.2536
-2.6239
0.5325
0.4089
0.3871
-0.1369
0.1042
0.7128
0.0384
0.2091
-2.0491
1.6658
0.7701
3.7961
-0.0612
0.9676
-0.3876
0.1115
-0.4632
-0.3951
-0.0898
-0.5695
-0.005
1.6841
0.0551
-0.2479
-3.2317
-1.7646
0.8849
0.0567
-0.5664
-0.3122
-3.6893
0.2857
1.3306
-0.0037
1.0641
0.8221
-0.0139
0.1443
-0.1256
-0.1018
-0.6407
-0.5059
0.2633
1.2742
-0.1185
0.0016
-0.3642
1.4389
-0.361
-0.0964
0.2317
0.0348
-1.0379
2.1882
0.6584
-0.5952
-0.7064
-0.0757
0.3572
-0.0617
-0.8871
-1.334
1.0688
-1.2581
-0.6711
0.4687
-0.0483
-0.0914
-0.4844
-0.7493
1.5066
0.0304
-0.1608
-1.5492
0.6992
0.0453
0.0648
-0.5969
-0.1997
4.2011
-0.6778
-1.5616
0.3463
-0.0672
0.171
1.0606
-1.3927
0.9909
0.3155
0.4635
0.3758
-0.9883
-1.3835
-1.8286
-5.5296
-0.7187
0.3782
0.2914
0.9424
0.8041
0.0557
-0.5526
0.0735
1.256
0.2217
-0.2413
-0.0239
0.5646
2.3659
-0.0123
0.9976
3.8826
0.3684
0.8241
1.8999
-1.5142
0.2621
0.2041
0.2409
-2.2206
0.658
-0.133
0.4254
0.5171
-0.2145
-0.875
0.5398
-2.802
-0.211
0.4763
0.2693
1.181
0.364
2.2201
2.291
2.2045
0.7731
-0.3464
-0.006
-0.3833
0.1474
-0.2389
0.303
-0.0455
-0.0664
-0.0819
-0.4294
0.1639
2.3046
-1.5413
-0.6716
0.7686
-0.2818
-0.2316
1.487
-0.7553
-0.1889
0.9987
0.0989
0.7976
-0.0649
-0.4928
-0.5335
-0.5161
0.053
-0.5496
0.3617
14.5748
0.0811
-1.829
0.5621
-0.4348
0.2067
0.7682
-0.9278
-0.4656
1.2151
-0.156
0.0689
-0.796
0.8585
0.1983
-0.2393
0.2867
0.373
0.1646
2.1316
0.2956
4.1701
-0.3729
-0.3031
2.9653
-0.1462
0.6703
-0.1193
-0.1463
-0.4954
-2.432
0.0709
0.3302
-0.0473
-0.1165
-0.0731
1.6487
1.1357
-0.1341
0.0503
-0.2756
-0.5108
-0.1561
-0.0626
-0.326
0.7686
0.0491
-0.3566
-0.7502
-3.0219
0.1213
-2.7561
0.0133
0.4003
0.0049
1.4445
-0.2092
-0.0828
0.4494
-1.4621
-0.6365
1.2429
-1.1318
1.1137
-1.348
-0.0865
1.669
-0.0094
-0.0443
0.0614
1.0905
0.4558
0.2874
-0.8124
0.3268
0.1873
-0.3299
2.4427
-0.2471
0.8228
-0.1428
0.2148
-0.8401
0.964
0.2315
-0.3018
0.5549
-0.7166
-0.1316
-0.1311
-0.367
0.4074
0.9548
-1.8354
-1.882
-0.0521
0.1423
2.8912
-0.0143
-1.2538
0.093
-0.103
3.3438
-0.8861
2.0969
-0.0456
0.1142
-0.0442
2.1157
0.6933
-0.349
0.6361
-4.0883
-0.2223
-0.1157
-0.3579
-0.2118
-2.2467
0.3757
-0.5798
-0.2018
0.2811
1.7392
0.1179
3.2737
-5.8901
2.5583
-3.2401
0.0831
-0.3275
-0.7777
0.7277
-0.6117
-0.5857
0.2983
0.0306
1.9485
1.5019
0.0314
0.3463
0.4686
-0.8194
0.3072
-0.4205
6.1
1.1695
0.051
0.2014
3.3897
0.1427
-2.259
1.2594
-0.7078
1.1379
0.2986
-1.1292
-1.2088
2.2463
-1.0796
-0.1468
-1.9138
0.2684
-1.1087
0.1069
0.4072
-0.671
1.4315
0.0977
0.0156
-0.0265
0.371
2.2481
0.3623
-0.9398
1.1048
0.5763
-0.116
-1.5975
1.2527
-0.6402
0.7907
0.2331
0.0825
-2.2439
-0.8095
-0.2695
-1.1657
0.5254
-0.9092
-0.1622
0.0413
-0.9344
0.3767
-1.4804
-0.2963
1.6814
-0.2469
4.0755
-0.1183
0.3039
0.0291
0.1154
0.8354
0.5272
0.1025
0.383
-0.2705
0.0659
0.86
-1.6671
0.0906
-0.8297
0.8327
-0.2864
0.0344
0.6556
1.5967
-1.0916
2.2293
-1.5443
0.4878
-0.6579
-0.1983
-0.672
-0.1039
1.477
0.6866
1.2573
0.2009
-0.6008
0.8448
1.0714
-0.072
0.2595
-0.1875
-3.2665
-0.7273
-7.0389
-0.1335
-3.6231
-2.7637
-0.147
1.8477
0.3177
-2.8893
-0.1141
-0.3335
0.5003
-0.842
0.2908
-7.8453
0.1748
-0.2614
-0.2092
-0.2374
0.1965
1.0601
-0.2088
-0.3777
-0.9811
-0.0351
-0.3315
0.138
-0.5675
-0.1325
3.2826
1.1686
0.3849
7.9946
0.6826
-0.0023
-1.5373
1.1406
6.0493
1.1323
-0.1237
-2.2168
3.8996
0.3747
-0.5907
-1.4377
-0.2541
0.0574
1.1059
-0.6705
-1.0108
-1.2784
-0.1985
-0.201
-0.5671
-0.2054
0.7282
0.4216
-2.286
-1.0857
-0.9889
0.5288
0.8436
0.3165
-0.5752
0.3787
0.2391
3.4433
-1.0836
-0.1698
-0.0154
0.0271
0.2025
8.5957
-0.2233
-0.6159
-1.5478
-0.3533
3.4574
-0.1758
0.3981
-1.6411
-1.194
-1.1933
-0.7051
-0.0336
1.2111
-0.1333
-1.0014
0.3297
-1.0115
0.427
0.1275
-0.6983
-2.2504
-8.5166
0.402
-2.5086
0.219
2.7869
-0.242
2.3044
-0.4675
1.9981
0.1169
-0.6674
-0.0207
-0.9485
1.4443
-0.9894
2.699
-0.0747
-1.2319
-2.2945
-0.7156
4.1746
-0.0179
0.5534
-0.9558
0.1909
-1.5946
-0.379
2.3276
3.6159
3.258
0.2317
-0.0072
3.2363
-1.989
-0.3433
-0.3898
-0.6565
11.3806
-0.755
-0.1436
-0.0665
-0.3801
-1.6975
-0.4885
-1.187
-0.05
0.8904
-0.6133
1.0981
-0.3766
-4.2023
5.9603
1.9807
1.2802
-2.2107
-0.9313
2.1772
0.1523
1.3597
-0.3595
-0.0619
0.2004
-0.8936
-0.7213
-0.3726
-1.3764
-0.7156
0.0941
0.8185
-0.0054
-0.7279
1.4022
-0.259
-3.1332
2.3353
-3.6475
0.2606
4.1311
2.3945
1.6284
-1.5898
0.7418
0.6936
2.3141
0.3798
0.4938
-0.1009
-1.5559
-0.8382
0.4065
-9.281
2.0817
-0.0392
-0.0336
-0.9614
0.3802
0.5319
-1.3136
0.1008
-1.6645
-0.3703
-2.4703
0.3425
-0.0166
-0.6776
-0.9184
-1.8919
1.6818
3.4347
-0.7582
-1.1479
0.4876
-0.6488
-7.8714
0.1161
0.2746
0.0623
-0.4364
0.3809
0.364
1.73
-0.9519
-0.0246
-0.7063
1.1859
-1.0679
0.2228
0.2068
0.7667
1.3957
0.7329
-1.1769
0.5231
0.2312
-2.7817
0.5304
1.2556
-0.795
-1.3565
0.8049
-0.3345
-1.5586
0.0572
-4.4017
-0.3951
0.99
-0.1889
0.2539
0.7754
-0.9688
-0.7024
-0.7848
-0.9758
-0.7018
-0.1003
0.6748
-2.5081
-1.0654
-3.6816
-0.6583
-4.5162
0.5338
1.7509
0.0579
1.2419
-0.9541
-2.2281
-1.5631
1.6813
0.7207
-0.8283
0.3294
-1.7662
0.2639
-2.9774
-0.6488
0.879
0.409
-3.1723
2.4708
0.3149
0.4345
0.351
6.9267
1.4124
-0.7698
-0.383
-0.9546
-3.5848
-0.348
-0.1176
1.5349
3.3292
-1.7733
0.063
1.4491
0.7411
0.3234
3.688
-1.2527
0.2795
0.0986
1.4392
0.3876
-0.0704
0.3209
-0.351
0.8061
-0.9892
-4.5855
-0.2878
-0.3692
-0.5783
1.0993
0.2898
-0.0871
-0.5973
-0.757
-0.0936
-0.3002
1.7159
0.5183
-2.1214
-2.533
0.9688
-0.7503
0.0975
2.0468
0.139
1.831
-0.0049
-0.1489
8.3422
1.1671
-2.5045
-1.3422
-1.7041
0.6553
-3.1507
1.1965
-0.3983
0.103
-1.6546
-4.1066
0.415
0.4447
1.5481
-0.0682
0.0597
0.17
-2.23
-0.8727
-0.0629
0.5898
7.3861
0.204
-0.6283
3.3028
-2.3033
3.4865
-1.7426
-0.1367
-0.3796
-2.971
0.326
-0.1182
-0.5134
-8.7071
-0.9328
-0.1078
3.5214
0.2041
-0.5494
0.9092
-0.4792
-0.2629
0.3513
2.059
9.1889
-1.4205
-2.5779
0.0393
-0.8755
-0.1114
0.0894
-0.0136
-0.0208
2.1393
-0.1265
1.0949
2.6181
-0.6815
-0.6051
25.3962
-0.2306
0.7547
-3.2507
-0.0356
1.7815
-0.5531
-1.4716
0.077
0.1987
3.1055
-2.4548
-0.6697
-0.0505
0.7687
0.7954
-0.2936
-1.1756
-0.3768
1.7137
-0.8275
-4.9137
2.3267
-1.1092
4.2551
-1.8065
1.5447
-0.3279
1.2285
-1.5234
1.0731
-0.2514
0.311
-1.214
-0.8648
0.2921
0.3104
-0.1896
3.4484
-1.5648
-0.7991
-1.2951
-0.3245
0.7642
0.2416
1.8148
-5.9787
0.0914
0.1668
-0.1364
0.1528
-1.0578
-1.2429
-0.6967
-0.1074
0.6854
7.4224
-1.8576
0.4026
-0.802
1.0613
0.1349
-0.417
0.1532
2.0905
0.0861
-2.229
2.1566
-0.049
3.3212
0.6098
0.1122
-3.6541
0.1658
-0.6374
0.1086
-3.8757
-0.2517
0.3397
1.4196
-0.2465
-2.308
0.5028
4.8334
-0.01
-4.6294
-0.0084
3.1369
-0.7615
-4.5591
-0.8633
0.2512
1.4213
2.4598
-0.2345
0.0835
-2.111
-2.3344
0.8218
0.2157
-4.313
0.2778
1.2489
-0.3598
-2.3469
-1.3861
0.7431
-1.3543
0.464
11.3145
0.8396
-1.5302
-0.6714
-3.7495
-1.7352
-2.3032
-3.0998
-0.3342
0.3047
0.395
-6.746
0.1253
-0.0769
0.0469
-0.6628
2.3332
-1.8381
-0.7944
0.6747
-1.1036
1.69
1.1755
-2.5762
0.3222
-0.2055
-2.276
-5.1007
0.3621
-0.7265
3.5757
3.3371
0.3665
1.0727
-1.8883
-2.0759
-10.0951
-0.6307
0.7555
-1.2406
0.7368
3.3649
1.9184
-0.8924
0.1861
0.1898
1.1887
-0.6916
-1.4553
-1.6917
0.3771
-0.6777
-5.4167
-1.0607
-0.2692
-1.3964
0.579
-0.1116
0.2254
3.2795
2.0209
3.458
-0.281
0.2274
0.3053
0.5476
-0.4586
0.0418
0.0212
0.6477
-0.7373
-1.1918
-3.2045
-0.0197
0.123
1.2051
-0.9045
-2.0747
-2.0925
0.601
0.3439
-0.5012
-1.9564
1.4365
-0.301
-5.7627
-0.6265
-4.8888
-4.2692
-0.6991
-4.0846
-6.4587
-0.8769
3.0434
0.541
-0.7864
3.1366
-2.0614
0.5932
0.4822
0.5414
0.6549
0.0679
1.4819
-0.5915
0.1928
-0.9599
0.1254
4.4555
-1.4268
0.4695
-0.0504
-3.8944
-0.6056
-0.7912
-2.0911
-1.6725
0.3907
-0.1703
0.398
-0.0395
0.5053
0.3205
-3.4112
1.4267
2.0266
-2.0391
1.0412
-0.7906
7.1685
1.3202
0.1079
0.2389
-0.416
-4.9273
-0.6574
0.9996
-0.1398
2.2328
-1.0098
1.3011
1.9475
0.4534
4.8724
8.8724
-1.4074
-0.4319
-0.2915
0.3879
2.484
-0.7537
0.3071
6.7509
1.2534
-0.9824
0.1216
0.0512
2.455
2.1974
2.7567
-0.5228
-1.2847
1.9972
1.9552
-0.5671
0.3505
0.9656
-4.5956
-0.0694
2.4743
1.1043
-0.1358
5.9367
-0.4466
1.2232
-0.5276
1.6477
-1.0011
2.8138
-3.4465
-0.5261
0.4292
-0.1045
5.7825
-0.654
-0.5814
-2.877
0.7582
3.698
-2.1741
-1.8115
-1.9546
0.8231
-0.6319
0.0731
4.6703
0.0593
0.9596
-0.277
-0.7958
1.2222
2.0409
-0.9384
-2.7699
4.2357
2.3605
1.1953
-0.5628
0.4232
0.7112
0.1287
-2.4744
1.0418
0.166
1.6627
1.0024
1.368
3.4629
0.2581
0.1681
0.1084
0.566
-2.6255
0.7609
-0.8821
-0.033
-1.5762
-0.5087
0.3395
3.758
-0.3634
0.4898
-1.2032
2.1711
-0.0521
0.3936
-1.3036
2.937
-0.2934
-2.5946
-0.5706
-2.2832
-0.5351
3.6626
-0.7093
0.8953
1.9205
-0.1361
0.1339
-1.4
-0.0682
-0.3424
-1.2176
-0.9966
-0.0717
-1.1776
1.2798
0.5212
-0.3824
-0.2847
0.4209
-0.1918
-0.2014
0.4573
-1.3507
-9.0772
-1.4036
0.2443
-2.7098
2.1082
-0.6356
-0.1631
1.5067
0.1077
0.0139
0.4302
0.6623
-0.7649
-2.9186
1.0508
-0.2738
3.3762
-7.1378
3.8779
-0.1806
-0.2546
1.9136
-1.939
0.2971
0.7893
-0.1478
18.1344
0.6091
-0.8189
-0.5317
-0.684
0.0198
0.5947
-3.5498
0.023
-4.1164
0.0977
-4.0247
0.1859
0.3537
-1.8201
2.4715
3.1765
0.2898
0.7909
-0.8253
-0.1766
-2.1071
-1.6738
0.704
-3.4647
1.9455
-0.5448
1.6722
6.2622
-1.6594
-0.6886
0.5646
0.1491
1.3198
-0.2189
-3.0782
2.6598
2.528
2.0006
4.7102
-3.0228
-4.4896
0.8013
0.2022
-2.163
0.0865
-1.0102
-2.3519
1.0266
-0.9866
-1.2871
5.7912
-0.8464
-0.1429
-1.8804
-0.8917
1.1574
2.1245
1.3268
-1.0612
-1.3674
1.5654
0.2122
0.1795
4.3364
-0.6742
0.0853
1.8592
-0.448
-2.525
6.5915
1.1999
-1.3852
-3.5149
-2.1756
0.9862
-0.5265
5.5694
4.754
-0.9001
0.2778
-2.3821
-1.2046
0.9769
3.5987
-4.4421
-3.1941
1.6515
0.4727
0.1233
1.339
0.4952
0.8082
0.8693
0.9548
-1.1462
8.6214
0.9021
5.3802
-4.392
-1.3002
-1.6875
-0.936
-0.4471
-0.8945
-0.0873
0.3617
-15.0202
3.7406
-1.1195
0.5289
0.9562
-0.7042
0.8986
3.1712
1.3968
0.8261
0.7593
-2.6544
-3.3997
1.276
-0.8449
1.1077
1.4297
-0.6558
0.7285
0.3355
-1.5643
-2.2634
0.9128
-1.9511
-5.6832
0.5045
-3.0933
-1.9764
-3.4292
0.7793
-0.1051
0.007
-3.1778
-1.3361
0.9083
-0.3775
-2.6187
0.0862
7.7171
-0.708
-0.8824
4.3871
-3.8613
1.941
1.8148
0.1807
0.2456
3.5105
0.5651
-1.9877
2.1916
-2.1081
2.2891
0.8889
-2.842
-0.021
4.7844
1.2284
-3.8033
3.3346
-0.7331
-0.1633
4.3171
-1.6076
-0.9035
1.9078
1.5273
1.4373
-1.4136
2.3329
-0.3696
-1.3277
7.4214
0.2339
1.2387
5.5973
-1.4102
0.7171
-5.3569
-3.3092
5.0639
-0.262
-0.6603
0.3321
-1.0721
-1.6697
0.5021
-1.4027
-0.395
-1.4263
0.0773
-0.2672
0.8117
-0.0578
-1.7385
3.4706
5.0679
-5.3422
0.4966
-1.4722
-1.1214
-1.9468
-0.6066
-0.0173
-2.6652
-4.7077
1.9766
-1.5374
-0.5223
-3.3069
-0.3487
1.083
-0.2976
-3.2726
0.3333
2.8016
-0.1885
-1.3553
1.5685
5.2585
-0.7968
-4.823
1.1809
1.9109
0.2373
-2.1766
4.3168
0.456
0.6439
2.5879
16.0208
1.1603
-0.3065
-9.1867
-4.6948
1.3326
-6.5868
1.4426
-4.8597
0.0285
0.7202
-0.8764
0.871
0.207
0.9739
6.2371
-1.4654
-1.0109
0.8282
0.6214
-15.2829
-0.6644
0.6786
-6.4554
-1.3215
0.0842
-52.0431
-2.5671
-0.462
-0.7885
-2.8065
1.4686
0.2874
3.1981
-9.2141
1.1579
-1.0872
-0.3634
-0.6865
1.7672
1.5666
-0.4508
1.9598
4.4602
-1.8556
-0.9881
-0.586
-6.8882
-2.7934
-0.7071
-0.322
-2.0265
-1.5503
-1.6983
2.5579
-2.9283
-3.4139
-4.0086
0.4816
0.2178
-0.2338
-0.5136
-1.1364
-9.1175
1.1116
0.8034
-10.7631
-5.5812
3.1126
3.2596
-2.9861
0.2713
1.4193
-0.4467
-0.8906
-1.8184
-0.5285
-3.7858
0.4685
-2.9959
2.1816
10.8939
0.4095
1.4734
-1.2766
0.8266
1.8229
-1.0818
23.0804
-0.7137
3.4096
-1.8066
-0.9026
-14.1594
2.3713
-2.5471
4.9931
-1.6867
-0.8083
13.967
-1.1169
-3.6083
1.2524
-1.4547
1.9995
0.9445
-4.6771
-1.9548
-0.4908
-3.4889
0.9006
-1.9277
6.4154
-0.7413
-2.4863
-1.1213
0.7616
-1.2664
1.0235
-0.152
1.6316
0.8905
-3.9252
-3.0826
1.9728
0.6266
0.7527
0.6391
-0.5495
1.5158
-9.013
1.2853
6.8628
-1.2165
0.4042
0.8168
0.0348
-1.2338
-9.8581
8.3155
0.577
0.9706
2.468
1.0071
1.3318
1.903
0.5011
0.1661
-0.9563
3.956
-8.4365
0.3865
-0.877
-2.0996
-0.7247
-0.2242
10.2415
-0.5858
-0.761
-1.2106
6.581
1.7543
-1.1194
3.118
1.0154
0.5964
-3.4258
0.7077
-0.1297
-3.1807
1.0796
2.4589
1.7964
-3.5369
0.463
1.2088
2.8159
-0.0838
-0.2867
2.0263
-1.6655
-0.2566
-2.1638
-0.8849
6.3755
-0.7732
-0.31
1.3004
0.2591
1.0821
-0.3443
-1.7072
-0.9054
0.4848
0.2727
-2.3219
0.4357
-5.1985
-0.4957
-3.7164
1.531
-1.0936
3.2284
0.1863
-3.5883
-0.5383
2.1396
3.7222
0.1272
-0.5927
-2.5477
-3.0674
0.3813
3.8021
3.5023
-0.5446
-16.9983
-0.9167
-1.3091
0.359
0.8642
-0.5913
2.326
-3.52
4.5435
-0.2335
0.2786
-4.3286
-0.8713
1.7663
3.3008
2.3572
3.7085
-0.4655
0.2999
-2.3802
-0.4622
-0.5431
-0.6726
-0.0197
-1.9175
0.7137
0.694
4.4134
6.824
3.7155
-3.5109
-0.9479
-0.5724
-0.1978
1.6028
-0.9149
9.4794
2.57
-2.4032
0.689
0.0176
-1.5551
-0.2827
-1.5063
-0.1672
2.1892
0.8145
-7.5606
2.6882
3.1584
-0.9664
0.2744
4.695
2.3055
3.0151
0.3864
0.0053
7.4226
8.5234
5.5234
-1.0708
-1.3282
-4.7572
7.3731
18.7493
0.5584
1.6571
0.061
-4.7117
1.4785
5.1405
2.9539
-4.0721
1.324
-0.8213
-0.7216
0.9542
-0.8577
-3.4476
-9.4877
0.114
-0.0106
0.8629
-1.5596
-11.3241
-0.7262
-3.7519
-0.3664
-2.0976
-3.4502
0.2855
-0.3652
1.452
-0.3518
0.3326
3.3812
4.138
-1.0764
1.6928
-0.7995
1.5327
-1.7203
-1.2527
-1.3004
3.638
-3.3265
-2.0211
-0.767
-0.6932
-2.0757
-15.1716
-1.1476
1.9098
0.2263
-4.5538
-0.9125
-0.559
4.0016
-0.6917
4.7249
2.6335
-0.3766
8.4854
7.6242
-1.5609
1.3364
-1.097
-0.4335
-4.1195
1.1549
-4.0119
-2.0324
-8.5848
1.0644
1.0342
1.1252
1.998
-6.6633
2.0217
1.77
-4.513
-0.1996
4.4533
-1.075
0.5137
1.5543
-0.4468
-1.4154
2.1656
1.4644
-1.3165
-0.3036
-0.7958
-0.671
1.0735
-3.3408
0.2714
-1.294
12.1625
-1.8127
2.1063
1.163
-0.9923
15.1347
-1.6566
1.8633
2.9312
0.4591
-0.1801
1.6387
-6.1599
-0.5021
-0.817
1.4774
4.5717
1.1397
-68.8367
0.6822
6.1378
1.0082
-3.1596
5.1738
-1.759
1.995
-13.3941
-0.6985
-0.3949
-3.799
-0.8834
-3.0609
8.6251
2.2246
-2.638
-3.1213
-1.7425
-3.111
-2.5104
1.0441
-3.2112
-0.3564
-4.3206
-3.7476
1.4688
3.1599
-1.6711
4.1335
-6.5219
-0.3997
3.4285
1.6949
2.8616
1.5248
1.0566
1.3668
-5.9371
2.3712
2.4525
-4.7365
-1.2621
-3.3984
-4.1462
-0.1774
-3.305
0.9696
1.6307
-0.6061
0.8675
-0.7875
7.2339
-7.2778
-4.1327
-1.4381
0.5821
-0.9761
6.9008
2.2245
4.1082
-2.0456
-1.5487
0.1405
1.4639
1.9191
-0.6814
-0.3644
-2.223
-0.6551
2.2183
41.3567
2.256
-1.074
-0.4428
-1.6868
1.0667
2.0999
-0.0848
2.0299
-2.7949
2.0074
39.8534
-2.6936
2.889
1.9454
3.7011
-5.1567
3.0551
2.7429
7.8424
0.7464
-2.14
1.8964
-0.3501
1.0742
-2.0201
1.206
1.6073
-3.0227
-3.0637
4.5031
-1.6588
4.933
10.8134
-1.8218
-2.6209
-2.1731
0.7425
-7.2921
-1.7278
-2.3585
3.1001
-5.8956
-4.3823
1.6516
-8.3274
6.8652
-0.2778
1.3935
2.3992
15.7097
-3.0195
-0.2248
2.7502
2.9444
0.4444
0.5045
2.8649
1.6257
-18.5934
-6.4893
4.5208
4.2882
2.1126
-1.5252
-2.3089
-1.173
-0.6588
1.9308
6.0522
-3.1364
2.211
-1.9279
1.5726
4.9075
2.0943
2.1933
-1.3562
-8.4734
-8.93
3.9924
-2.7345
-1.4692
1.6965
3.3642
-15.5622
0.8126
1.0451
7.8213
1.0617
0.4158
-6.0725
4.1297
1.5037
15.07
-2.8463
-4.2889
-0.32
9.1567
-0.2818
-1.229
1.8642
17.1928
2.5006
-0.9505
-2.8292
1.5253
9.9356
-5.9675
1.1827
1.3081
-2.0383
3.0863
2.296
2.7007
-2.4237
-1.8099
1.1156
-2.2201
0.7985
-1.0913
-0.7012
2.081
0.9803
0.9136
-2.0946
5.3143
0.9213
-1.7548
-1.9554
-0.4019
2.1661
1.7319
-1.8494
0.2179
2.9732
1.0969
17.254
2.0902
-1.1256
-0.2242
-4.314
3.1581
-0.8424
5.1711
2.5609
-4.7088
-1.6816
1.5636
-2.4443
9.8602
2.5615
4.7077
13.344
-1.6758
1.2081
4.7308
-1.8991
0.3794
6.202
9.6957
3.1317
-6.0943
31.2759
0.571
-1.5251
-3.1638
-5.0352
-16.1503
-0.6413
-4.1304
-1.0813
-0.8681
-0.5333
-0.8705
-6.4666
1.8877
4.7721
0.7295
-2.0565
2.444
2.3804
1.1316
-2.1987
-2.7314
-5.062
2.024
-3.2105
-1.3332
-3.1017
4.7615
-0.9159
-4.8634
0.6244
-34.0858
-3.0334
4.3226
-6.9291
-2.8416
0.845
1.485
3.9698
-3.2896
-4.5738
1.3138
-3.6966
0.8028
-2.634
7.3057
-2.0313
0.7948
-1.8922
2.9618
-0.237
-1.6079
5.1048
-0.6161
1.2846
2.0002
-0.613
0.2295
6.5942
-2.3209
-3.8039
-0.9464
17.2355
-3.663
-3.8944
-1.0897
-11.9142
-1.8737
-19.5627
-2.8344
2.0782
0.5311
-0.9943
2.7333
-1.3842
-1.2425
2.1756
2.405
9.2162
-10.0536
1.3864
5.2703
1.9765
-3.3327
0.6295
4.0977
-2.7158
4.3757
-3.6535
2.3117
0.7775
-7.9447
-1.4137
-10.6264
0.9592
4.0848
-1.0812
-2.6481
-2.0144
-10.7061
0.9898
-0.2619
1.7155
10.1493
19.2182
0.9771
-9.204
0.2341
1.7161
12.6991
13.5065
3.4763
-1.102
-0.8944
1.9302
5.6155
-7.0886
4.2115
-1.5372
-0.5222
3.4712
1.6686
-9.0419
-5.8242
-0.848
-3.7708
-7.4268
3.4324
3.8486
2.6318
1.749
3.4774
6.2528
1.9607
1.2406
5.6739
4.864
-2.9417
-1.7819
-1.4296
-33.3832
-1.566
2.0724
-1.0959
5.7013
-1.3154
3.0516
4.8619
-17.6563
-2.9936
-6.056
-3.1065
-5.3278
-0.5211
8.3364
2.3725
2.4322
1.1056
-1.6754
5.4008
-2.6587
0.775
-0.5171
-14.2582
-0.9915
-1.5353
3.8072
-4.6899
-3.9386
4.4362
2.5181
-0.2753
-7.6115
-2.3629
-6.0078
-1.5473
-4.6014
-1.5994
15.593
-4.2455
-3.1093
3.9728
-3.2938
-6.149
7.1311
-1.3876
21.0393
3.3944
-2.3213
-3.8664
-3.0048
4.1692
-4.1865
3.2194
-4.1319
5.6213
-3.5365
0.8113
1.4247
0.6978
0.6999
1.4513
11.7304
-0.8801
-12.0726
-1.8686
-3.0061
3.9522
-4.6894
4.6847
-1.5328
6.232
-1.564
1.112
-10.3606
5.7288
-12.1847
-6.6973
-9.5401
-2.2854
5.4139
-9.4005
-3.8149
-6.5579
-3.5172
-11.8827
0.7745
-0.5959
-7.3393
1.4083
-1.1475
-18.933
-7.8929
-4.1951
1.005
-5.9746
1.0861
-5.0934
-4.0657
-2.3759
7.5511
-10.8219
4.9078
1.258
-3.2758
4.0043
-0.4896
1.1973
-1.6749
18.7146
4.1349
3.7498
27.2231
2.4521
-7.7534
4.1505
-3.1928
-0.2554
-5.13
-1.2434
-1.4635
-1.3606
0.6264
-4.1166
-0.4796
-4.758
-1.4412
2.4002
-1.7875
2.0185
-2.5228
-3.0332
-23.8093
-3.5762
-4.6665
6.9336
-3.5273
9.7617
1.8671
-2.3608
5.2737
-3.6562
-5.1522
7.1183
3.8507
-3.552
-3.3351
2.5952
-11.5749
-1.7981
-1.0623
-5.0528
-1.2817
1.2267
-3.7071
-1.5782
-4.2738
-15.0984
-4.0138
-2.959
6.2579
-4.1479
-2.5649
4.9366
0.9919
1.5695
9.4339
5.7548
-1.3606
-1.0136
-1.9891
-5.8477
-2.0936
-0.375
-1.1254
-2.7843
6.6304
7.6542
-2.1747
-6.2458
-5.904
-5.0664
-3.0977
-5.8835
-0.969
-9.3016
1.8149
-11.4964
-5.3974
7.1718
6.4794
8.9956
-2.199
-1.4509
2.3897
-14.4191
4.4327
1.7782
3.8902
-2.6968
-4.1348
1.8174
-9.0556
5.7624
12.4167
4.5742
-0.733
2.9437
-1.7685
-7.51
8.5315
-0.3022
-3.6058
-30.3421
5.1023
-4.3441
1.7492
-3.8489
-1.5425
5.5465
-2.1129
-8.2374
7.2883
1.2692
1.7944
1.1071
-3.3327
-8.3417
19.7926
-2.8143
0.2527
2.3327
-15.7378
-6.9773
3.7823
14.6586
-9.1575
5.2885
-9.2557
-13.1563
7.908
5.9663
1.4572
1.8648
-5.1072
1.1242
-14.4682
1.5524
-1.797
-3.3665
-4.2608
-3.6072
-6.1045
2.8566
4.6045
1.1792
-1.4757
-5.4878
-1.2173
2.3437
-1.8643
-16.7904
-3.3935
-1.1617
1.3916
-2.1058
-9.5648
-5.2272
-9.5009
-1.9813
6.0272
-0.6846
7.8322
3.3009
-4.0687
1.1071
-3.8021
-3.4051
8.6567
0.2886
-0.9378
-2.8211
1.1878
-4.4793
-4.3394
7.9497
0.517
4.1207
-0.9016
0.5852
-13.2204
8.5021
-9.498
2.477
3.2855
-3.5608
-8.4944
4.4659
-8.1782
-0.2159
-19.4472
2.6358
6.9891
-22.903
5.3434
7.0054
-1.3967
12.0732
5.7229
3.1475
17.5921
6.2361
-7.4827
-4.8889
0.3771
3.7636
3.4346
-8.457
2.9709
6.2127
-2.539
5.7354
-2.4267
-2.8268
-3.5251
-4.576
-2.7666
8.0922
-3.8725
-1.4606
-2.5716
-1.3181
4.9082
-1.4794
5.6841
6.0121
-3.2153
-2.6869
-4.6864
-0.8017
-8.1693
1.4808
-12.7959
10.17
2.364
1.2288
-4.5679
2.1167
3.2634
4.9272
-8.9451
-5.339
-21.1655
-9.7177
-8.4888
0.9228
5.2151
-11.5211
4.1887
4.5625
-1.5329
-1.5885
-0.3738
5.5565
-10.4654
-2.933
2.8879
-9.0477
-0.2365
12.0809
13.038
3.2873
-6.6195
5.9356
-4.425
0.9472
9.7117
0.43
-4.8063
0.4156
-9.7351
0.5277
3.3318
2.2261
3.6146
13.6049
-1.8322
-4.4926
5.7014
6.7672
-6.6071
-5.1786
6.7649
2.3717
-6.4898
3.0406
-0.3718
-2.923
-1.7639
2.3808
16.0987
1.9418
4.9576
1.8706
-3.0933
0.8945
3.9897
11.5378
8.9722
9.8357
-30.2535
-0.5226
1.6758
-2.2609
-12.0223
5.0997
-3.0562
-5.3714
45.6157
-1.6628
4.2395
12.344
-2.5068
2.2881
6.3194
-6.1244
14.3274
-0.8856
-2.3808
-1.7688
-2.1411
4.7586
-5.5805
-3.7584
-4.3785
5.7266
1.7581
0.3284
12.5261
8.6359
1.9888
1.651
-2.868
-2.8231
0.4571
5.0734
9.1864
38.32
5.7773
12.9848
4.4108
-7.5855
-9.1635
21.9358
-3.283
-2.9348
-10.6444
-8.3117
3.6856
-9.5148
13.6916
-0.9457
-2.7887
-10.7013
-1.3709
-9.5186
-11.9731
1.2165
0.1498
3.6196
-1.9458
12.6264
1.6107
-1.8475
9.8292
4.9178
0.005
-49.9341
11.9216
-0.7761
-7.1254
0.8783
2.944
4.6683
-12.2598
-8.5312
13.1449
-11.7879
-3.5445
8.6106
6.0717
-1.4743
-3.1231
-0.4539
-6.2552
-7.0651
-6.6937
-3.3428
5.0275
-2.7803
3.1972
-4.1141
-2.8571
2.0358
-30.6377
-12.9114
4.0991
19.3882
-3.0154
-9.1474
-4.1392
-5.9733
6.2014
4.2422
7.3616
2.1148
9.7122
1.2989
-2.492
3.6429
-1.0206
-6.4116
7.474
9.88
5.036
5.2514
-5.0446
8.0468
-38.262
6.3458
-9.4182
0.5673
-1.7388
2.4681
-4.5282
2.7588
-2.2457
-3.1594
-4.2716
-9.7359
-3.0966
-1.8166
-4.1854
11.8574
-5.8326
-4.1569
36.5327
0.4183
-5.731
4.8671
12.7066
7.0284
-17.5786
-4.0718
-19.0328
-4.3977
8.8435
5.5796
1.1837
8.1422
9.3729
1.4556
10.7157
2.5045
3.3734
-1.7892
-13.0895
-5.5738
8.842
-5.9926
-1.0216
-6.9958
4.2831
-0.2848
-32.4772
-1.5839
3.5095
1.028
1.5321
3.3971
-2.867
-1.0595
-2.2347
-1.9717
-10.0448
-6.6219
2.9567
6.7123
2.7846
11.808
4.0753
1.269
2.5276
-9.4838
4.4978
-22.6647
6.5097
-6.7313
-0.2822
6.5318
-2.8854
-1.1845
-3.8378
2.7268
10.0955
7.1256
12.6947
-9.8689
3.7825
-43.1916
-0.8626
5.6083
-4.8811
4.4471
4.6917
7.3939
5.1581
-31.0517
-2.8111
-4.4695
17.8409
-4.7291
7.2184
12.437
-7.8952
-12.31
-2.2399
1.9006
-12.1246
-5.4955
1.9726
-11.4585
-1.757
3.3946
3.6659
-0.5436
-12.1234
-0.3444
5.2655
1.3371
-10.0202
4.1656
10.1742
-10.8034
-10.4766
7.8524
4.6163
-9.4346
-1.9464
13.7836
22.4224
-3.4158
7.0331
-2.3861
7.9972
3.608
-4.5367
-20.599
-6.1335
-0.8382
8.8748
-7.6694
-3.2706
5.2224
31.3001
3.2964
-2.0644
-1.2256
-6.4736
-5.9425
11.8271
-1.6038
-3.3561
-3.9846
-7.9295
7.1391
-7.3074
1.8337
-2.2555
-6.2128
-5.2158
-1.2073
5.4399
3.0514
2.6342
4.2793
12.4954
-10.8216
5.3617
8.4809
6.8793
24.9676
5.7977
11.5436
-3.297
-27.2894
5.6565
4.2758
-2.2102
-4.0115
8.3771
8.0638
10.1404
-2.1142
40.1205
7.7277
-10.7705
-0.9342
1.9215
4.3088
-5.6996
31.233
2.1876
-5.4614
3.2201
1.8839
6.3453
5.406
-0.406
-3.3533
-3.1163
-10.2244
-9.4375
1.526
-1.6544
-4.1088
12.0294
5.7562
-0.7342
2.3639
-7.6372
-17.3893
-0.3894
-4.6523
-0.1049
-13.3506
15.9828
6.9432
-13.4508
-1.5901
2.3768
-2.6165
13.9239
-2.8689
0.8032
-3.504
-7.0238
-5.1851
1.3609
3.5517
-8.2263
4.3351
-4.0706
-0.483
4.3193
0.9499
2.9472
13.5022
-2.6728
1.4963
-9.7753
11.223
2.2026
2.587
18.4869
4.582
-5.0573
-15.5032
-21.7011
0.769
-1.6143
4.931
-3.6247
-4.1567
-7.0046
-8.2497
-0.4596
-7.5521
-2.1143
-1.5414
-10.804
2.2676
2.7176
2.069
-7.2601
18.5771
10.599
-13.9412
-12.2914
-8.4073
26.7929
-12.6641
-9.1301
7.2207
-3.6263
1.5145
7.0888
1.3224
6.0872
-15.0163
-5.9911
-5.9605
-5.8503
10.9915
12.6266
-15.5303
-0.1793
5.8953
-4.7135
-2.7237
5.2823
1.525
15.3684
9.9033
-2.7081
2.8262
26.1282
3.2823
10.6232
22.2904
11.2421
2.7431
1.2174
3.1057
10.8077
7.445
-5.7988
-2.9362
-28.2306
2.4954
-12.1916
12.3469
-3.0419
9.2499
4.4005
12.3
-2.1386
11.7532
-13.6377
7.4894
3.3615
-3.1345
-1.5738
-2.3672
7.7759
-3.3438
-3.4555
-7.2913
-3.4361
-7.3259
45.0402
-2.3916
-1.5989
-11.204
-8.055
-6.226
-8.9418
-4.1693
2.0222
4.889
-76.3792
10.9305
18.3085
-11.2139
2.3095
19.3539
15.6201
-1.8519
-15.4978
8.2153
-3.8242
-10.8037
-1.1177
-5.8548
-13.3822
10.6283
4.4693
1.8169
-13.8406
-4.2314
-7.0149
1.8607
5.9258
2.5998
-14.3397
4.2295
-19.2184
-10.2694
9.5974
-5.6792
-14.4124
-34.2958
-14.6928
-4.3228
1.8228
-4.0531
11.0536
-6.3536
-1.2227
20.6083
24.8628
3.8482
6.5162
-7.015
3.74
8.5251
-1.8879
15.7237
-2.029
-5.8046
-5.301
-3.4324
2.3918
-3.2162
-1.6204
15.6928
2.2351
-4.7355
5.619
-15.4978
6.0194
40.7531
-7.3618
6.337
-17.7828
22.286
-0.6203
13.0121
-7.0198
40.2645
-0.9394
-2.5837
4.7616
2.4164
-21.6491
-3.7071
6.4004
-1.7115
-7.2516
7.1158
5.4337
-3.8012
5.3423
37.2892
39.4676
4.1221
6.3279
-7.5865
-53.5253
4.3167
-1.9913
-29.8431
-6.597
-47.6538
-7.9568
-11.1931
-15.6607
-5.6155
14.5714
1.0563
-5.0783
12.7203
4.3435
2.5753
-5.5445
-34.1699
-2.6633
-5.1107
4.0385
-5.803
5.709
-4.9976
4.2678
5.556
-2.8864
2.476
6.0228
-1.061
-35.3508
1.9826
-2.5794
8.2806
5.7709
-12.6366
7.9226
-9.3676
-4.8875
-10.0103
7.9831
-8.7682
-19.5925
-9.4225
5.3263
-6.9523
19.3284
-4.8299
9.1019
1.8049
-4.5765
14.7307
16.159
-9.9878
5.7694
-9.1129
-6.0103
5.9916
1.9555
4.1515
16.7891
5.3961
4.57
3.4446
-22.247
-2.2243
-1.5858
14.2309
-4.9074
8.0318
-2.3251
10.8927
0.8862
4.9597
-49.3249
13.0732
-5.9249
7.3812
-4.5374
-5.2521
-5.7362
27.207
-3.6857
10.4847
18.1186
4.8384
-3.2055
14.4773
49.9099
4.2276
-12.9956
-6.0341
34.7641
-2.8253
-91.8803
-5.8047
8.5623
4.2522
3.2819
-1.7312
27.5137
-8.4384
-2.8062
1.7441
-5.0283
11.4307
-43.8711
13.7308
-15.5375
9.9167
-4.6964
-8.9227
6.5028
14.5208
18.3219
-7.5112
-24.3492
-23.7461
2.0378
-20.4467
-12.2062
9.9128
5.5048
-2.3632
-3.2471
16.6498
-15.8553
3.1948
-4.9457
-27.3443
9.8762
24.9802
-5.8639
-4.2432
-12.3874
3.7973
9.5374
10.5357
-7.0001
2.5837
-5.2699
7.6488
-12.4689
37.6916
-2.8792
21.1042
13.7942
6.0072
19.5663
8.0508
67.035
-14.1151
-6.2766
-15.054
-32.9677
-17.3388
-28.4668
-5.9228
3.4316
-33.1095
-4.6861
-79.4804
-10.979
-1.2874
-5.918
22.9587
9.7345
-19.6123
11.7803
-2.8642
-28.3624
8.3618
11.177
1.1243
-20.3872
-76.8766
26.8876
-20.8147
1.7662
-8.2299
-5.1992
-28.4731
-25.0183
24.9549
10.9635
-4.2262
9.8538
19.0069
-12.7279
6.1609
-43.1863
-17.478
-15.1584
5.45
-15.5534
13.6586
-25.3118
4.7036
23.2649
1.8242
-6.9824
2.5325
-2.5642
20.3006
-4.1052
-18.3862
-8.1526
-10.8182
17.3119
-20.1001
-43.9537
-2.0959
-2.5367
-17.3737
-9.1476
9.2596
-20.6463
-14.1864
7.5652
13.4913
-9.2009
3.0699
-1.7203
54.1025
11.7398
11.1652
-26.1476
-53.3292
-14.2797
-36.6716
-5.5635
5.0367
9.1188
6.748
13.9916
-17.798
-21.6587
2.1218
-9.4258
10.1261
20.397
8.9626
17.315
29.5114
-49.4638
39.6398
-10.9068
2.6506
5.6404
-9.7402
2.0643
33.2885
15.4126
-9.2134
-1.8701
-3.355
-12.5263
5.7705
-20.7569
43.5591
-12.7561
5.8672
21.6378
-9.7102
-13.9195
20.9352
-12.4879
-11.557
1.9506
3.7535
6.4844
21.1272
-9.092
42.6779
-32.025
-14.9152
14.0848
-5.5139
2.097
10.0109
77.8621
-1.2676
-3.6908
13.2047
9.0859
-41.2069
-8.164
8.8239
-3.2895
-23.6208
-1.8305
-7.9411
3.1269
3.2355
-15.0481
-3.8454
2.2033
75.2449
-27.5099
-7.2496
-31.3183
-29.1417
-4.461
-2.0612
23.4054
-75.8621
-3.8127
-10.6932
23.8481
31.5697
-16.1182
-11.9657
-9.1183
-2.9872
-18.3788
-14.9453
-11.6119
16.8786
-17.4113
20.4853
20.5141
-19.6788
12.7614
-17.3551
-3.4375
-16.1341
-7.4597
-70.036
-10.2811
-6.6709
15.295
-102.785
-2.385
13.7799
-25.0599
7.4483
13.0267
10.6664
5.6689
-17.6899
-7.9488
-2.3301
-15.0895
3.706
27.9858
4.9172
25.2041
-9.1791
26.1568
-90.3561
18.0042
17.1438
-55.2389
35.193
19.5143
15.1097
34.9439
-35.6053
15.7555
-5.7163
-45.8269
9.7661
4.6358
6.591
38.2431
-11.903
6.57
26.0275
35.3013
-6.6495
-25.9643
-17.5151
6.6504
21.7618
-13.7739
10.6633
-64.5695
16.4376
-15.6153
-6.5469
-30.2938
-23.6164
-14.4448
-1.4293
-4.2978
43.5266
-12.2481
81.961
12.4836
-20.3204
18.9672
66.1133
22.121
5.1846
16.1478
42.4122
19.8688
23.9463
39.2499
9.3012
33.2037
35.2872
12.8785
3.6502
23.4544
-22.2579
-12.9574
24.95
12.4822
23.5973
-39.9659
11.4179
-31.222
26.8389
49.231
-10.7306
3.0713
66.2199
-15.4384
2.0201
-15.4792
42.8448
5.7636
16.3151
-8.0734
-7.8483
-33.2228
-26.7868
-21.5459
6.9592
8.4025
6.574
20.1642
-38.5105
2.0682
25.9391
-11.4141
3.2253
13.613
3.2142
5.6896
4.2889
-10.2129
37.3002
-27.4013
-16.2015
14.7568
-27.3672
-8.1349
0.3849
49.8621
12.7455
-16.7243
49.6081
9.7328
21.0459
31.5828
-49.3184
-15.5513
34.9708
43.2646
-28.045
15.8428
20.2309
12.6523
15.9545
-30.0377
13.5638
2.4555
27.2058
4.2732
-7.1035
-11.9193
-55.1956
42.3597
38.5757
4.6568
-0.55
11.3578
83.9974
-5.4378
-53.5012
-24.4486
54.0276
-31.5822
-4.8654
-30.6255
-97.896
-60.4318
-8.829
-38.388
-6.3521
-86.9032
24.4169
-29.3345
-19.9855
10.3664
21.1668
32.8017
51.2873
-91.7804
61.1338
-61.2855
58.2893
6.8684
115.689
-34.5267
7.5008
-21.3132
-20.7754
-32.7702
-28.5399
15.8594
-59.8965
-89.2661
-55.4422
-50.4167
28.2217
-43.0448
-31.087
5.4173
72.3512
60.8678
89.2003
-83.5012
-30.3702
-33.2227
80.5236
-60.5686
-68.9895
38.49
3.3216
-105.028
-78.974
-36.4458
-14.4374
-24.4652
-2.768
-2.0584
64.4931
48.9813
-82.3095
60.4379
63.686
21.7102
-21.8563
-57.6059
-8.0566
5.1315
50.2895
-9.2064
11.1167
-0.4328
8.5682
6.6266
-11.8504
4.3536
12.3234
10.2603
13.1807
8.6234
20.1773
-3.6773
-18.4786
22.1383
-2.9448
17.051
20.5882
3.684
12.1961
-17.4372
-3.4777
-11.6074
7.2687
49.4287
-9.1352
11.4031
-20.6226
-29.4748
22.2575
90.3211
-33.7356
58.5192
3.6481
2.739
-14.1829
7.0378
3.5312
6.7056
1.2021
-0.3141
0.3019
-0.8992
-2.7667
-0.9729
-0.311
0.554
0.3687
-3.1626
-0.4475
-0.581
2.2431
-0.1
0.9259
0.2038
-0.4717
-0.0902
-0.4276
0.029
3.6389
-0.0367
0.0069
-0.0508
0.5931
-0.6701
0.0112
1.4882
1.0962
0.1196
0.1321
-0.3061
-16.7271
0.6686
-0.2511
0.0253
-2.7101
-0.5627
-0.3186
-0.0594
-0.1452
0.0702
-0.2029
-0.4073
-0.2166
0.2336
-1.3006
-1.1446
0.1043
0.563
0.2614
1.1096
0.8768
1.4733
-0.094
0.0007
17.1994
-1.8143
0.11
-0.0191
-0.1084
-0.0365
-3.0061
0.4057
-1.2699
-0.1552
1.29
-1.2541
0.8618
1.0204
1.2184
0.1623
-0.0224
1.1914
0.2459
-0.8532
-0.0264
-0.9833
0.1763
0.0204
-0.4404
-0.533
0.0278
0.1698
2.3217
1.2406
-0.4994
-0.5293
4.1739
2.1371
-0.0423
0.0707
0.1813
-0.2496
0.0466
0.1206
0.0707
-0.039
1.9133
-0.0067
-0.7683
1.1864
0.0169
0.512
0.5578
0.478
0.1287
-0.0389
1.2487
0.0537
-0.4154
-0.1294
1.8361
-1.5498
-2.3263
0.0722
-0.0208
0.619
0.8105
-0.1971
-0.4913
0.1059
0.2452
1.3385
1.1456
-0.9652
0.0861
0.2002
0.547
-0.4552
0.9166
0.2794
0.3885
-0.1898
-0.9534
0.3962
0.0506
-0.0818
-0.8705
-1.7039
0.3155
0.3776
0.0389
0.0541
2.3864
-0.5604
-0.1781
-0.3605
0.0728
4.9223
-0.4027
0.866
5.5039
-0.5974
1.4784
-0.2098
-0.1254
-0.0692
0.0959
-0.0523
-2.2326
0.2088
-0.0559
0.2136
0.1
-0.4854
-0.4815
0.8606
3.4938
0.0067
0.1229
0.6322
-0.1494
0.5933
-1.6554
0.03
-0.052
0.1143
1.1595
0.171
0.0478
0.2103
-0.1561
-0.2889
-0.5018
0.2111
4.8424
-0.2765
-0.3405
0.0776
0.1121
0.5496
0.1059
0.0419
0.2221
-3.5794
0.9476
0.4593
-0.0634
-0.192
-0.1769
-2.3449
-0.3405
-0.2316
-0.1613
0.0036
0.2703
0.2054
0.1086
0.7411
-7.2654
0.5518
0.4597
-0.2202
-0.272
-0.2935
0.6449
-1.0438
0.0902
-0.762
0.6197
0.1538
0.8115
4.7078
1.8289
-0.2293
-0.0588
0.0533
0.1356
0.0737
0.1082
0.4222
-0.8676
-2.7711
-0.5991
0.456
0.9682
-5.7741
-0.1956
-0.0289
0.0588
-1.3982
-0.7191
-1.1674
-0.6283
-0.1403
0.5135
0.8129
-0.7802
-0.5672
0.234
0.9407
0.2769
-0.0191
0.4462
-0.2997
0.5442
-0.0915
0.3037
0.1435
-0.0995
-0.0202
-0.2007
-0.4637
-0.4213
4.4118
-0.0484
0.3059
-2.2358
0.2904
-0.8037
-0.584
0.291
0.4158
-0.0655
0.5239
0.3938
0.871
0.2223
-4.003
0.6692
-1.039
-0.7586
0.7859
-0.6475
0.7916
-2.1701
0.2843
-0.1262
0.0146
1.3502
0.1486
-0.2894
-1.4871
1.264
-0.1865
-0.1912
-0.2925
0.4291
-0.1226
0.8965
-0.0828
-1.5852
1.0647
0.9486
0.7365
0.0135
0.2104
-0.0918
-0.1272
-0.5498
-0.7058
-0.7195
-2.0298
-0.6509
0.9751
-0.2298
2.5515
-2.3213
-0.0123
0.7187
0.0996
0.7339
-0.8352
-0.5429
-0.1705
1.0789
0.2031
-0.0154
0.6605
0.8523
0.922
2.7166
4.219
-0.7541
0.1792
0.3124
0.0371
-0.029
0.0043
0.1766
4.1328
-0.6856
-1.046
-0.898
-0.1394
-0.3416
-4.3042
-0.2665
-0.6452
6.1444
-0.3875
-0.5745
-1.8213
-0.1139
0.7777
-1.2153
2.0201
-1.3784
0.3156
-0.7526
-0.0844
0.4945
-1.5027
0.9888
0.7229
-0.7639
5.4619
0.0719
0.1382
-2.6738
-2.8705
-5.0921
2.5119
-0.7256
0.2619
-1.6787
-0.4782
0.7302
0.1265
1.8623
1.9352
0.9873
-0.0878
4.9994
0.0104
0.04
0.2581
-0.2913
-0.2906
0.8731
-0.1928
1.2079
0.1531
-1.8182
-0.0141
-0.5857
-0.6208
-0.8347
1.708
0.2544
-0.22
0.1231
-0.8986
2.4464
-0.4777
-0.2251
0.5471
0.3848
0.0033
1.7173
1.6249
1.6951
2.3183
-2.3904
-0.5147
-1.2468
-0.0969
0.9224
-0.3432
-0.0724
1.9019
1.9824
1.9219
-0.0066
2.4158
-0.2507
-1.0167
-14.6844
1.8165
-1.4813
0.1144
-2.4891
-1.2935
2.1213
0.2321
-0.7319
22.1441
-1.9438
1.0515
4.4602
-0.8637
1.2486
-3.3154
0.3346
0.4781
1.054
0.5327
-0.0723
-0.6861
-0.0002
-6.1379
3.3571
-0.7318
-0.3124
-3.0725
-0.8647
-1.258
0.7844
1.1846
-2.3246
1.4856
-1.5585
1.5111
-0.128
0.9871
0.6913
1.8262
-0.38
3.6087
-1.032
-0.779
1.3764
5.2271
-0.5202
0.4891
1.7942
-1.9253
-1.8536
-0.991
-0.2804
-2.8046
1.2093
-4.8797
0.5985
-0.1652
1.6243
-0.2429
1.7873
3.199
-6.3918
-0.1873
-11.2508
3.9836
-0.9715
-6.2982
0.0685
0.461
-0.9324
-6.5118
0.4479
-2.5286
-1.2817
-0.8305
-0.2084
-0.0515
4.0209
0.0432
-1.0527
-0.1007
-0.6787
-0.1725
-0.707
1.7571
2.3289
1.4148
2.4927
-0.446
-1.1954
0.7115
0.2623
-4.6207
2.9363
4.4142
0.1929
-0.4939
1.835
-0.9893
1.7334
3.5006
0.8986
-2.1352
-0.3259
3.1003
4.0914
1.3264
0.3217
0.9183
-0.4593
-1.3923
3.3042
8.7608
-0.707
-1.9762
-0.5307
4.3838
-6.7827
-2.5313
0.5877
14.4679
-1.3329
-1.9373
-0.6838
0.5283
-3.9618
2.9457
1.7504
-0.3664
-2.732
2.2836
-2.1624
0.162
-4.1518
2.0367
-1.9811
2.9814
-0.954
1.3351
4.5682
1.0807
-3.6204
-7.2043
0.4123
2.772
0.5675
0.8441
2.4727
0.9094
1.5112
-1.9747
0.1258
-3.1573
-0.5344
-0.489
2.1493
4.8705
0.8772
-0.7713
-5.1969
-16.863
-1.0937
10.081
3.645
-1.7269
5.0654
4.1224
-3.3391
17.4642
1.8682
0.7979
-0.7176
-2.0011
3.9916
2.0804
3.2078
-3.8336
0.3654
-3.2804
0.2152
1.6138
-1.4995
7.6583
0.8086
-0.4998
0.0215
1.4846
0.591
-1.4086
-0.5803
4.2366
-0.51
0.5181
1.0485
2.6081
0.6027
-1.5109
2.2536
-0.8652
-6.7188
1.1797
-1.8264
0.3248
-2.2741
-0.8152
-3.0982
-1.6817
-2.0917
0.5524
3.2977
-0.5671
1.3455
2.9443
-0.1689
-1.6583
-0.6014
0.113
-0.0914
-0.4847
2.875
0.6067
-1.1635
-10.5689
7.1421
-3.0621
-5.493
1.8408
-5.1432
-1.198
-3.2797
-1.2615
-1.3799
0.42
4.0692
1.7273
-0.2748
-1.6331
-1.7887
1.3295
0.3766
-4.5008
2.0883
0.3615
1.1975
-1.661
-4.0482
12.7268
0.313
0.3166
0.8671
-1.1075
-2.1103
-20.1594
-0.6522
0.9515
0.5355
-0.2507
-1.5384
-2.2995
-9.1843
3.6224
-3.1864
-1.4773
1.7328
1.2549
0.4827
-2.6074
-1.6279
-5.3591
-0.8894
1.4086
-0.8526
1.2942
3.2328
2.0068
-6.966
-3.8921
-1.1274
1.3581
8.4237
-3.5126
-4.6507
-0.6112
-3.8426
-1.702
21.3126
-1.3885
-6.9401
-41.3565
0.6834
2.431
0.7391
-3.2514
-2.4945
-3.6988
-18.683
-0.4318
8.2537
0.1937
-7.997
2.2385
-0.7946
-1.4081
-7.664
1.9935
-2.9698
-3.5771
0.7234
0.503
2.2741
-28.2316
-5.0934
-15.8809
-1.1092
13.8127
-6.2693
-5.6616
7.8588
-0.1583
-4.1714
-2.2598
1.9782
0.0729
5.8645
4.6067
-6.3157
2.157
1.1646
-1.0163
2.8815
-0.2088
1.3626
2.0929
-0.9941
-1.2157
-6.3835
11.9753
-0.5556
-2.6777
7.8063
5.9286
0.9914
1.1888
-2.1551
4.4109
0.8083
-4.2373
-7.5615
2.404
7.7631
2.1556
3.5622
1.2704
-0.536
-1.7091
5.9336
0.6918
-1.6338
0.5271
-0.559
-0.875
-5.8515
-4.0717
0.4275
29.5211
-1.3854
-4.9756
-4.9318
-1.2843
-5.1259
-0.3888
2.4456
-0.7575
3.8201
-1.494
1.3064
1.8197
1.7366
-1.9408
9.5878
-4.2599
-0.6173
0.4821
3.4914
7.4886
-2.6512
39.9559
1.663
-0.4995
6.4331
1.3453
2.4156
-1.5133
-1.6316
-8.1964
-6.7707
-1.7042
-10.1069
-1.4192
0.3409
7.5876
-6.1884
-2.5537
2.461
-1.0063
-2.9308
-0.1405
10.7133
-4.9641
-0.1308
1.8638
-4.8481
1.6147
-0.7737
-3.1344
1.2893
-5.2618
60.7399
2.2052
-2.1834
-0.5691
19.4588
1.2444
18.9384
3.5764
-13.3955
-0.9147
-1.0936
4.4983
4.7272
28.6787
4.7192
-8.6518
-11.4126
4.5751
-0.6585
-3.244
-2.6158
-1.7839
3.5689
-4.337
-0.9229
-2.345
-0.8915
1.6438
1.552
4.0816
-0.9307
0.9096
8.0108
-1.2327
12.9825
-2.0938
-5.8982
-0.821
4.8639
-1.3308
-4.996
46.6273
-0.3142
-3.172
0.3323
-4.0476
5.1852
10.8963
2.9873
1.4786
24.4958
-1.1948
-40.0068
-2.365
-7.2803
-6.6052
-5.2843
7.6704
0.9536
0.9375
-3.2457
12.6131
-1.8707
-0.8997
-0.602
1.4772
-4.5777
4.1378
0.7351
-7.64
-3.3543
0.5889
5.0912
2.2711
-0.5945
-4.3073
2.6753
-1.0267
11.0036
-0.585
-25.4943
0.8831
0.2652
6.0162
-22.6013
-4.9415
1.3193
7.8205
13.9995
-14.0055
2.019
16.9441
-6.1294
-29.3425
-1.5845
-0.6054
-1.8559
-4.8052
4.4023
-1.6367
2.9583
4.7693
-2.8611
7.6157
1.9695
2.6494
2.1649
5.9676
-4.4212
6.1919
-13.9209
-0.8981
-1.7724
38.9992
-4.576
-2.2977
5.6164
-4.0086
1.7676
5.0076
-1.3507
17.5528
2.397
-4.992
-4.4311
5.9659
4.3212
29.2994
-30.3598
0.8116
-1.4764
4.0215
-6.2655
10.5711
9.5176
1.6719
0.5941
-8.8402
-1.0947
1.1008
-5.0882
8.4138
4.1255
-2.16
-2.3586
3.1264
1.8143
6.1237
-3.4058
-1.3417
-5.816
-53.4246
4.5979
24.5771
6.2179
17.2499
-0.7783
-12.1275
8.503
0.2871
-1.9755
2.3952
-5.5786
7.7166
2.6239
-5.1694
-26.116
-3.4622
-5.4677
-28.5832
1.8953
-1.3089
-1.584
-7.0007
42.0924
-1.6191
4.9136
9.2423
-2.5064
-3.9701
-2.5885
-2.4297
-3.3071
1.2226
0.7942
-24.2139
-14.01
1.4928
0.9916
-31.8216
16.3455
-3.5745
-40.8214
-1.9269
-4.2624
-6.9847
-2.3411
-11.7368
-2.9527
-2.9073
-3.8105
-12.8308
2.176
8.3421
-8.6698
16.8707
2.9615
-0.1024
-9.638
-4.043
4.8669
-0.2377
-4.452
-4.1234
-36.5796
-1.6837
-4.9195
7.0517
1.7867
-1.5946
16.5714
-7.2055
-0.5435
-0.1859
-0.0968
2.4975
-5.7576
10.3568
0.7329
-6.2353
-1.7975
-5.4077
-61.9573
1.788
-11.5614
1.2745
-0.3229
15.7319
-19.9188
14.9044
2.0321
-3.5486
-14.1083
2.0518
-2.014
-13.31
3.1058
8.687
-10.0584
-22.595
-1.3357
3.0986
1.682
1.8736
-82.6085
15.905
2.9437
3.8414
-29.9849
-3.7173
-0.8291
-25.5142
6.4312
6.3564
-9.1325
-5.4771
3.5459
-15.0959
-6.1347
-30.1737
-6.9025
-1.1268
5.7353
-9.2999
1.8359
-2.0951
0.6763
-3.8053
-2.4651
-1.7624
-1.6159
11.5456
-1.8232
15.9112
2.6157
1.4192
6.2163
11.3266
-24.1545
-4.1016
9.3002
0.6533
-1.633
23.1599
-4.6587
-8.6843
-2.6348
-14.7519
3.953
-34.3823
-10.3505
-7.0106
3.8853
-2.5422
4.3282
22.6146
-1.8438
8.3344
5.2727
1.0562
10.9763
2.9624
8.1738
15.0009
-6.791
11.1253
-3.398
0.5846
42.9184
-13.391
-2.4227
4.9959
1.4821
2.8643
5.0393
1.9319
7.95
-3.8576
3.477
-1.0289
3.6616
-1.2514
5.195
-11.4867
-33.1136
-3.1774
-11.2936
0.7147
-6.6348
1.8346
6.7022
5.4148
14.634
1.8112
-10.8232
-7.2284
-13.427
-5.4156
-2.0442
1.7674
-0.6663
-16.8198
2.2539
-4.3184
2.3953
-7.4349
5.0355
-3.5748
-5.4162
5.9947
-19.1729
4.3252
-22.4521
-16.2098
-11.0917
1.357
14.0447
11.7061
-9.3769
0.9345
1.2381
-4.2489
-2.9956
3.3396
8.0712
4.0668
7.4984
2.4986
-1.5297
0.7945
-18.9747
-59.4149
3.099
1.7187
-12.8719
-3.2478
34.15
3.9334
3.1496
-14.3978
-12.6399
-1.3001
-2.6691
-2.9958
-21.0287
-24.6996
3.5803
-6.2346
3.0422
-12.9753
-10.4829
19.1301
5.6288
-1.1158
4.6181
-4.6903
-4.8698
-17.0616
22.6884
-4.669
-9.1734
-8.5701
8.618
-25.1559
-6.8821
-1.9908
-2.7798
-9.4953
-17.6038
10.1336
2.9357
13.9473
3.6359
12.2327
-5.8324
4.136
9.6811
3.0637
20.7519
-13.7489
6.1725
23.0775
-0.7583
-15.4278
2.0677
-0.5134
-12.5612
17.433
-4.6362
-3.7363
7.8167
-12.7196
2.7777
31.3598
-10.1869
-6.5867
15.6521
1.1881
9.5951
2.7697
-16.5319
-8.3019
9.1177
-7.2793
-11.6433
-2.563
-1.0146
-5.064
-2.572
-1.0629
32.0189
-31.546
-6.9105
-3.3982
10.1126
-45.3014
-5.3159
3.1824
5.9504
-0.2029
-11.0342
6.3296
6.6813
3.491
1.156
46.509
-15.2285
-3.4379
-3.8095
3.2577
-9.7559
-2.316
-6.0977
6.661
0.8423
1.5005
-7.0436
-79.8953
3.4329
-45.1696
-6.4505
13.7709
-12.7794
5.1472
-2.2552
11.0283
15.9603
1.7889
9.0022
-6.7636
1.335
-6.2229
-5.8794
-0.5404
10.1277
-42.3547
-8.3972
-4.6606
-26.3459
-3.794
-10.6731
-2.2426
-14.7788
3.1038
-23.7888
7.5123
-18.4385
-2.8337
30.6296
2.0487
12.6411
6.9049
-5.4252
-5.293
10.6316
-33.9912
-3.2263
1.5008
-16.9646
-1.1278
-1.6367
-3.7447
12.5416
6.1744
-9.2345
-0.9302
3.5554
-3.3614
-9.656
8.5339
22.717
-0.1979
-18.3708
-52.0111
29.4272
-8.7663
-3.1736
1.9414
-0.9082
10.6032
37.132
-15.9314
81.2833
-90.7256
7.3885
-1.5403
-23.5741
4.2616
38.4807
10.0556
7.5262
9.1693
9.8251
-10.5844
-20.1469
-17.7201
3.9039
-4.705
15.7244
7.3874
3.7944
4.7361
-1.683
-0.8939
6.4037
-2.8341
24.4295
47.7468
18.8815
-11.6713
7.0544
-2.5756
8.6204
66.8403
-16.4776
120.156
-2.54
-29.4756
-3.9883
-1.6851
-9.0138
23.9155
-23.9519
8.187
-12.667
-71.1038
2.1896
85.3335
11.9323
-18.4406
-11.2371
-7.2176
-11.9187
12.1578
49.1092
9.8484
-3.7915
30.7464
6.8412
11.0293
-0.9242
-3.9518
7.0905
-48.7987
-2.6136
2.6821
-9.3141
11.8593
-37.3948
44.9701
-15.4717
-41.3492
9.1502
4.2119
-21.0213
-23.2178
-30.5634
-3.3945
1.312
22.9317
1.8721
-7.3788
-8.2774
7.4299
-5.8212
-16.5901
-13.659
-20.9912
-17.8799
-53.8707
57.8646
8.5759
-34.6672
33.2907
-16.0595
-9.0483
-4.8871
5.2467
10.6915
-12.0491
4.7379
-3.8053
-14.6439
2.8567
22.4608
7.6147
38.8161
-31.9237
-11.1797
12.8942
6.7899
10.1805
-5.2237
-12.6619
21.4914
5.3988
-11.7908
-162.608
-35.4381
18.0703
-4.4446
-7.9376
-7.8536
-13.6907
-8.6803
-6.1398
-8.6578
-10.7744
59.598
33.5239
-21.4496
-10.6345
13.5218
2.6176
-6.0945
-14.4612
6.4416
101.001
3.8149
0.3764
-18.3959
-1.7453
-8.2441
33.3222
-16.2283
4.2807
-11.1226
-120.082
-29.2547
7.8419
74.399
32.9646
22.3142
2.8503
5.4666
5.5625
-9.198
-32.5291
5.4222
19.2543
-13.5288
-39.4782
5.6594
2.8723
20.7507
-14.5243
15.173
32.6817
-2.8608
-34.9326
15.9893
14.3449
17.6236
58.1023
-66.9295
-40.936
2.1011
-35.1288
6.4277
-33.8035
-5.7977
64.9349
49.1351
-17.8995
-10.043
6.2508
21.6497
-37.0062
60.1608
-74.0081
1.742
-17.9249
-3.3892
-12.9866
46.6453
-17.6985
56.9412
-29.3922
16.0122
-12.5518
16.4635
-36.2713
21.0865
-5.6259
35.7162
46.6736
17.0185
-20.0001
-22.7208
-94.7024
20.6666
-107.936
22.4166
41.0108
11.4337
-59.1649
-13.2113
41.7171
42.9968
-36.8082
40.464
-8.5261
22.2798
11.428
23.7607
-8.5258
10.2924
90.6476
28.3561
-72.7159
82.9479
29.3425
65.9974
-50.125
73.4943
139.279
23.785
