    -9.80000      0.00000
    -9.40000      0.00000
    -9.00000      0.00000
    -8.60000      0.00000
    -8.20000      0.00000
    -7.80000      0.00000
    -7.40000      1.50000
    -7.00000      1.00000
    -6.60000      5.00000
    -6.20000      3.50000
    -5.80000     12.00000
    -5.40000     16.50000
    -5.00000     26.50000
    -4.60000     53.50000
    -4.20000     65.50000
    -3.80000     80.00000
    -3.40000     83.50000
    -3.00000    116.50000
    -2.60000    139.00000
    -2.20000    145.00000
    -1.80000    178.50000
    -1.40000    173.00000
    -1.00000    159.00000
    -0.60000    162.00000
    -0.20000    157.50000
     0.20000    155.50000
     0.60000    161.50000
     1.00000    167.50000
     1.40000    173.00000
     1.80000    182.50000
     2.20000    152.00000
     2.60000    127.50000
     3.00000    112.00000
     3.40000    102.00000
     3.80000     85.50000
     4.20000     51.50000
     4.60000     42.50000
     5.00000     29.50000
     5.40000     17.00000
     5.80000     14.00000
     6.20000      3.00000
     6.60000      0.00000
     7.00000      0.00000
     7.40000      1.00000
     7.80000      0.50000
     8.20000      0.00000
     8.60000      0.50000
     9.00000      0.00000
     9.40000      0.00000
     9.80000      0.00000
 after hadron evolution
    -9.80000      0.00000
    -9.40000      0.00000
    -9.00000      0.00000
    -8.60000      0.00000
    -8.20000      0.00000
    -7.80000      0.00000
    -7.40000      1.00000
    -7.00000      1.50000
    -6.60000      4.00000
    -6.20000      4.00000
    -5.80000     14.00000
    -5.40000     16.50000
    -5.00000     40.00000
    -4.60000     74.00000
    -4.20000     90.50000
    -3.80000    128.00000
    -3.40000    145.50000
    -3.00000    191.50000
    -2.60000    231.50000
    -2.20000    250.00000
    -1.80000    283.50000
    -1.40000    297.00000
    -1.00000    305.00000
    -0.60000    310.50000
    -0.20000    303.50000
     0.20000    315.00000
     0.60000    289.00000
     1.00000    309.50000
     1.40000    297.00000
     1.80000    287.00000
     2.20000    243.00000
     2.60000    195.00000
     3.00000    186.00000
     3.40000    164.00000
     3.80000    145.50000
     4.20000     83.00000
     4.60000     63.50000
     5.00000     39.50000
     5.40000     21.50000
     5.80000     17.50000
     6.20000      3.50000
     6.60000      2.00000
     7.00000      0.50000
     7.40000      1.50000
     7.80000      0.00000
     8.20000      0.00000
     8.60000      0.00000
     9.00000      0.00000
     9.40000      0.00000
     9.80000      0.00000
