    -9.80000      0.00000
    -9.40000      0.00000
    -9.00000      0.00000
    -8.60000      0.00000
    -8.20000      0.00000
    -7.80000      0.50000
    -7.40000      3.00000
    -7.00000      2.50000
    -6.60000     10.00000
    -6.20000     11.50000
    -5.80000     30.50000
    -5.40000     46.00000
    -5.00000     63.50000
    -4.60000     99.50000
    -4.20000    132.00000
    -3.80000    173.00000
    -3.40000    189.50000
    -3.00000    254.50000
    -2.60000    281.50000
    -2.20000    297.00000
    -1.80000    354.00000
    -1.40000    349.50000
    -1.00000    336.00000
    -0.60000    332.50000
    -0.20000    313.50000
     0.20000    325.50000
     0.60000    328.50000
     1.00000    348.50000
     1.40000    357.50000
     1.80000    357.00000
     2.20000    314.50000
     2.60000    264.50000
     3.00000    232.50000
     3.40000    208.00000
     3.80000    172.00000
     4.20000    119.00000
     4.60000    110.00000
     5.00000     71.00000
     5.40000     46.00000
     5.80000     32.00000
     6.20000      8.50000
     6.60000      9.50000
     7.00000      3.50000
     7.40000      2.00000
     7.80000      1.50000
     8.20000      0.50000
     8.60000      0.50000
     9.00000      0.00000
     9.40000      0.00000
     9.80000      0.00000
 after hadron evolution
    -9.80000      0.00000
    -9.40000      0.00000
    -9.00000      0.00000
    -8.60000      0.00000
    -8.20000      0.00000
    -7.80000      1.00000
    -7.40000      2.50000
    -7.00000      3.00000
    -6.60000      8.50000
    -6.20000     15.00000
    -5.80000     30.50000
    -5.40000     53.50000
    -5.00000     89.00000
    -4.60000    149.50000
    -4.20000    201.50000
    -3.80000    275.00000
    -3.40000    317.00000
    -3.00000    401.50000
    -2.60000    488.50000
    -2.20000    494.00000
    -1.80000    567.00000
    -1.40000    603.00000
    -1.00000    632.50000
    -0.60000    626.00000
    -0.20000    610.00000
     0.20000    620.50000
     0.60000    597.50000
     1.00000    622.50000
     1.40000    598.00000
     1.80000    569.00000
     2.20000    508.50000
     2.60000    418.00000
     3.00000    389.50000
     3.40000    326.00000
     3.80000    286.50000
     4.20000    184.00000
     4.60000    158.00000
     5.00000    106.50000
     5.40000     58.00000
     5.80000     34.50000
     6.20000     13.50000
     6.60000     12.00000
     7.00000      3.50000
     7.40000      3.50000
     7.80000      1.00000
     8.20000      0.50000
     8.60000      0.00000
     9.00000      0.00000
     9.40000      0.00000
     9.80000      0.00000
