 after hadron evolution
     0.02500    192.79359
     0.07500    142.31915
     0.12500    102.68802
     0.17500    143.82816
     0.22500     52.43324
     0.27500     59.47670
     0.32500     53.53334
     0.37500     69.03343
     0.42500     54.34337
     0.47500     28.87156
     0.52500     27.26014
     0.57500     30.02731
     0.62500     21.50905
     0.67500     20.61808
     0.72500     18.08286
     0.77500     12.58657
     0.82500     16.61510
     0.87500      7.33542
     0.92500      9.86630
     0.97500      1.37394
     1.02500      5.25166
     1.07500      7.56818
     1.12500      4.97055
     1.17500      2.37183
     1.22500      1.15375
     1.27500      3.42996
     1.37500      2.10841
     1.42500      1.05359
     1.47500      2.03002
     1.57500      0.95589
     1.72500      0.90688
     1.77500      0.89049
     1.97500      0.81636
     2.32500      0.70552
