    -9.80000      0.00000
    -9.40000      0.00000
    -9.00000      0.00000
    -8.60000      0.00000
    -8.20000      0.00000
    -7.80000      0.00000
    -7.40000      0.00000
    -7.00000      0.00000
    -6.60000      0.00000
    -6.20000      0.00000
    -5.80000      0.00000
    -5.40000      0.00000
    -5.00000      1.00000
    -4.60000      1.00000
    -4.20000      1.50000
    -3.80000      8.00000
    -3.40000     12.00000
    -3.00000     12.50000
    -2.60000     15.00000
    -2.20000     24.50000
    -1.80000     25.50000
    -1.40000     33.00000
    -1.00000     38.50000
    -0.60000     27.50000
    -0.20000     34.00000
     0.20000     34.00000
     0.60000     30.00000
     1.00000     28.50000
     1.40000     31.00000
     1.80000     28.00000
     2.20000     21.00000
     2.60000     16.50000
     3.00000      9.50000
     3.40000     12.50000
     3.80000      3.50000
     4.20000      1.50000
     4.60000      1.00000
     5.00000      1.50000
     5.40000      0.50000
     5.80000      0.00000
     6.20000      0.00000
     6.60000      0.00000
     7.00000      0.00000
     7.40000      0.00000
     7.80000      0.00000
     8.20000      0.00000
     8.60000      0.00000
     9.00000      0.00000
     9.40000      0.00000
     9.80000      0.00000
 after hadron evolution
    -9.80000      0.00000
    -9.40000      0.00000
    -9.00000      0.00000
    -8.60000      0.00000
    -8.20000      0.00000
    -7.80000      0.00000
    -7.40000      0.00000
    -7.00000      0.00000
    -6.60000      0.00000
    -6.20000      0.00000
    -5.80000      0.00000
    -5.40000      0.00000
    -5.00000      1.00000
    -4.60000      3.00000
    -4.20000      3.50000
    -3.80000      9.50000
    -3.40000     12.50000
    -3.00000     16.00000
    -2.60000     25.50000
    -2.20000     37.00000
    -1.80000     34.50000
    -1.40000     51.50000
    -1.00000     48.50000
    -0.60000     45.00000
    -0.20000     46.00000
     0.20000     47.00000
     0.60000     42.00000
     1.00000     41.00000
     1.40000     32.00000
     1.80000     42.00000
     2.20000     26.00000
     2.60000     20.00000
     3.00000     16.50000
     3.40000     16.50000
     3.80000      6.00000
     4.20000      3.00000
     4.60000      2.50000
     5.00000      0.50000
     5.40000      0.00000
     5.80000      0.00000
     6.20000      0.00000
     6.60000      0.00000
     7.00000      0.00000
     7.40000      0.00000
     7.80000      0.00000
     8.20000      0.00000
     8.60000      0.00000
     9.00000      0.00000
     9.40000      0.00000
     9.80000      0.00000
