    -9.80000      0.00000
    -9.40000      0.00000
    -9.00000      0.00000
    -8.60000      0.00000
    -8.20000      0.00000
    -7.80000      0.00000
    -7.40000      0.00000
    -7.00000      0.00000
    -6.60000      0.00000
    -6.20000      0.00000
    -5.80000      0.00000
    -5.40000      0.50000
    -5.00000      0.00000
    -4.60000      0.50000
    -4.20000      1.00000
    -3.80000      1.00000
    -3.40000      2.00000
    -3.00000      5.00000
    -2.60000      4.50000
    -2.20000      5.50000
    -1.80000      6.50000
    -1.40000      6.00000
    -1.00000     11.00000
    -0.60000     11.50000
    -0.20000      9.50000
     0.20000     18.50000
     0.60000     10.50000
     1.00000      9.50000
     1.40000     10.00000
     1.80000     10.00000
     2.20000      5.50000
     2.60000      3.50000
     3.00000      0.50000
     3.40000      2.50000
     3.80000      2.50000
     4.20000      1.50000
     4.60000      0.00000
     5.00000      0.00000
     5.40000      0.00000
     5.80000      0.00000
     6.20000      0.00000
     6.60000      0.00000
     7.00000      0.00000
     7.40000      0.00000
     7.80000      0.00000
     8.20000      0.00000
     8.60000      0.00000
     9.00000      0.00000
     9.40000      0.00000
     9.80000      0.00000
 after hadron evolution
    -9.80000      0.00000
    -9.40000      0.00000
    -9.00000      0.00000
    -8.60000      0.00000
    -8.20000      0.00000
    -7.80000      0.00000
    -7.40000      0.00000
    -7.00000      0.00000
    -6.60000      0.00000
    -6.20000      0.00000
    -5.80000      0.00000
    -5.40000      0.50000
    -5.00000      0.00000
    -4.60000      1.00000
    -4.20000      2.00000
    -3.80000      3.00000
    -3.40000      3.50000
    -3.00000      6.50000
    -2.60000      7.00000
    -2.20000      8.00000
    -1.80000     10.00000
    -1.40000     13.00000
    -1.00000     17.50000
    -0.60000     13.50000
    -0.20000     17.50000
     0.20000     25.50000
     0.60000     12.50000
     1.00000     16.00000
     1.40000     19.50000
     1.80000     12.50000
     2.20000     11.00000
     2.60000      7.50000
     3.00000      4.00000
     3.40000      5.00000
     3.80000      4.50000
     4.20000      2.50000
     4.60000      0.50000
     5.00000      0.50000
     5.40000      0.00000
     5.80000      0.00000
     6.20000      0.00000
     6.60000      0.00000
     7.00000      0.00000
     7.40000      0.00000
     7.80000      0.00000
     8.20000      0.00000
     8.60000      0.00000
     9.00000      0.00000
     9.40000      0.00000
     9.80000      0.00000
