    -9.80000      0.00000
    -9.40000      0.00000
    -9.00000      0.00000
    -8.60000      0.00000
    -8.20000      0.00000
    -7.80000      0.00000
    -7.40000      0.00000
    -7.00000      0.00000
    -6.60000      0.00000
    -6.20000      0.00000
    -5.80000      0.00000
    -5.40000      0.50000
    -5.00000      2.50000
    -4.60000      1.50000
    -4.20000      3.00000
    -3.80000      2.50000
    -3.40000     10.50000
    -3.00000     13.00000
    -2.60000     20.50000
    -2.20000     30.00000
    -1.80000     35.50000
    -1.40000     34.00000
    -1.00000     30.50000
    -0.60000     32.00000
    -0.20000     37.50000
     0.20000     39.00000
     0.60000     33.50000
     1.00000     29.00000
     1.40000     28.00000
     1.80000     24.50000
     2.20000     24.00000
     2.60000     15.50000
     3.00000     11.50000
     3.40000      9.00000
     3.80000      5.50000
     4.20000      2.50000
     4.60000      2.50000
     5.00000      3.00000
     5.40000      0.00000
     5.80000      0.00000
     6.20000      0.00000
     6.60000      0.00000
     7.00000      0.00000
     7.40000      0.00000
     7.80000      0.00000
     8.20000      0.00000
     8.60000      0.00000
     9.00000      0.00000
     9.40000      0.00000
     9.80000      0.00000
 after hadron evolution
    -9.80000      0.00000
    -9.40000      0.00000
    -9.00000      0.00000
    -8.60000      0.00000
    -8.20000      0.00000
    -7.80000      0.00000
    -7.40000      0.00000
    -7.00000      0.00000
    -6.60000      0.00000
    -6.20000      0.00000
    -5.80000      0.00000
    -5.40000      0.00000
    -5.00000      2.50000
    -4.60000      3.50000
    -4.20000      5.00000
    -3.80000     13.00000
    -3.40000     16.50000
    -3.00000     18.50000
    -2.60000     29.50000
    -2.20000     36.50000
    -1.80000     41.00000
    -1.40000     44.00000
    -1.00000     49.00000
    -0.60000     43.00000
    -0.20000     44.50000
     0.20000     53.50000
     0.60000     43.50000
     1.00000     35.50000
     1.40000     35.00000
     1.80000     27.00000
     2.20000     29.00000
     2.60000     23.00000
     3.00000     19.50000
     3.40000     18.00000
     3.80000      6.50000
     4.20000      4.50000
     4.60000      5.00000
     5.00000      3.00000
     5.40000      0.00000
     5.80000      0.50000
     6.20000      0.00000
     6.60000      0.00000
     7.00000      0.00000
     7.40000      0.00000
     7.80000      0.00000
     8.20000      0.00000
     8.60000      0.00000
     9.00000      0.00000
     9.40000      0.00000
     9.80000      0.00000
