    -9.80000      0.00000
    -9.40000      0.00000
    -9.00000      0.00000
    -8.60000      0.00000
    -8.20000      0.00000
    -7.80000      0.00000
    -7.40000      0.00000
    -7.00000      0.00000
    -6.60000      0.00000
    -6.20000      0.00000
    -5.80000      1.50000
    -5.40000      9.00000
    -5.00000     22.50000
    -4.60000     45.00000
    -4.20000     58.00000
    -3.80000     62.50000
    -3.40000     32.50000
    -3.00000     43.50000
    -2.60000     41.50000
    -2.20000     28.00000
    -1.80000     37.00000
    -1.40000     28.50000
    -1.00000     28.50000
    -0.60000     23.00000
    -0.20000     18.50000
     0.20000     23.00000
     0.60000     20.50000
     1.00000     25.50000
     1.40000     12.00000
     1.80000     23.00000
     2.20000     38.00000
     2.60000     50.00000
     3.00000     51.50000
     3.40000     41.50000
     3.80000     55.00000
     4.20000     59.00000
     4.60000     33.00000
     5.00000     24.50000
     5.40000      7.50000
     5.80000      0.50000
     6.20000      0.00000
     6.60000      0.00000
     7.00000      0.00000
     7.40000      0.00000
     7.80000      0.00000
     8.20000      0.00000
     8.60000      0.00000
     9.00000      0.00000
     9.40000      0.00000
     9.80000      0.00000
 after hadron evolution
    -9.80000      0.00000
    -9.40000      0.00000
    -9.00000      0.00000
    -8.60000      0.00000
    -8.20000      0.00000
    -7.80000      0.00000
    -7.40000      0.00000
    -7.00000      0.00000
    -6.60000      0.00000
    -6.20000      0.00000
    -5.80000      1.50000
    -5.40000      7.50000
    -5.00000     24.50000
    -4.60000     46.00000
    -4.20000     58.50000
    -3.80000     59.50000
    -3.40000     34.50000
    -3.00000     46.00000
    -2.60000     40.50000
    -2.20000     26.00000
    -1.80000     34.50000
    -1.40000     31.00000
    -1.00000     28.50000
    -0.60000     23.50000
    -0.20000     13.00000
     0.20000     20.00000
     0.60000     26.00000
     1.00000     25.50000
     1.40000     11.50000
     1.80000     25.50000
     2.20000     38.00000
     2.60000     49.00000
     3.00000     52.00000
     3.40000     43.50000
     3.80000     56.50000
     4.20000     55.00000
     4.60000     34.50000
     5.00000     23.50000
     5.40000      8.00000
     5.80000      0.50000
     6.20000      0.00000
     6.60000      0.00000
     7.00000      0.00000
     7.40000      0.00000
     7.80000      0.00000
     8.20000      0.00000
     8.60000      0.00000
     9.00000      0.00000
     9.40000      0.00000
     9.80000      0.00000
