    -9.80000      0.00000
    -9.40000      0.00000
    -9.00000      0.00000
    -8.60000      0.00000
    -8.20000      0.00000
    -7.80000      0.00000
    -7.40000      0.00000
    -7.00000      0.00000
    -6.60000      0.00000
    -6.20000      0.00000
    -5.80000      0.00000
    -5.40000      0.00000
    -5.00000      0.00000
    -4.60000      0.00000
    -4.20000      0.00000
    -3.80000      0.00000
    -3.40000      0.00000
    -3.00000      0.00000
    -2.60000      0.00000
    -2.20000      0.00000
    -1.80000      0.00000
    -1.40000      0.00000
    -1.00000      0.00000
    -0.60000      0.00000
    -0.20000      0.00000
     0.20000      0.00000
     0.60000      0.00000
     1.00000      0.00000
     1.40000      0.00000
     1.80000      0.00000
     2.20000      0.00000
     2.60000      0.00000
     3.00000      0.00000
     3.40000      0.00000
     3.80000      0.00000
     4.20000      0.00000
     4.60000      0.00000
     5.00000      0.00000
     5.40000      0.00000
     5.80000      0.00000
     6.20000      0.00000
     6.60000      0.00000
     7.00000      0.00000
     7.40000      0.00000
     7.80000      0.00000
     8.20000      0.00000
     8.60000      0.00000
     9.00000      0.00000
     9.40000      0.00000
     9.80000      0.00000
 after hadron evolution
    -9.80000      0.00000
    -9.40000      0.00000
    -9.00000      0.00000
    -8.60000      0.00000
    -8.20000      0.00000
    -7.80000      0.00000
    -7.40000      0.00000
    -7.00000      0.00000
    -6.60000      0.00000
    -6.20000      0.00000
    -5.80000      0.00000
    -5.40000      1.00000
    -5.00000      2.50000
    -4.60000      4.50000
    -4.20000      6.00000
    -3.80000     12.00000
    -3.40000     13.50000
    -3.00000     16.50000
    -2.60000     29.50000
    -2.20000     33.00000
    -1.80000     39.50000
    -1.40000     42.50000
    -1.00000     45.50000
    -0.60000     46.50000
    -0.20000     45.00000
     0.20000     45.00000
     0.60000     36.00000
     1.00000     41.50000
     1.40000     38.00000
     1.80000     30.50000
     2.20000     30.00000
     2.60000     25.50000
     3.00000     14.00000
     3.40000      9.50000
     3.80000      9.50000
     4.20000      4.50000
     4.60000      3.00000
     5.00000      2.50000
     5.40000      0.00000
     5.80000      0.00000
     6.20000      0.00000
     6.60000      0.00000
     7.00000      0.00000
     7.40000      0.00000
     7.80000      0.00000
     8.20000      0.00000
     8.60000      0.00000
     9.00000      0.00000
     9.40000      0.00000
     9.80000      0.00000
