    -9.80000      0.00000
    -9.40000      0.00000
    -9.00000      0.00000
    -8.60000      0.00000
    -8.20000      0.00000
    -7.80000      0.00000
    -7.40000      0.00000
    -7.00000      0.00000
    -6.60000      0.50000
    -6.20000      2.00000
    -5.80000      4.00000
    -5.40000     14.50000
    -5.00000     41.00000
    -4.60000     68.00000
    -4.20000    116.50000
    -3.80000    153.50000
    -3.40000    172.00000
    -3.00000    214.50000
    -2.60000    265.50000
    -2.20000    304.00000
    -1.80000    347.00000
    -1.40000    358.50000
    -1.00000    383.00000
    -0.60000    425.00000
    -0.20000    410.50000
     0.20000    431.00000
     0.60000    405.00000
     1.00000    401.00000
     1.40000    384.50000
     1.80000    349.50000
     2.20000    310.00000
     2.60000    239.00000
     3.00000    207.00000
     3.40000    175.00000
     3.80000    159.50000
     4.20000    118.00000
     4.60000     66.00000
     5.00000     45.00000
     5.40000     16.50000
     5.80000      4.00000
     6.20000      1.50000
     6.60000      0.00000
     7.00000      0.00000
     7.40000      0.00000
     7.80000      0.00000
     8.20000      0.00000
     8.60000      0.00000
     9.00000      0.00000
     9.40000      0.00000
     9.80000      0.00000
 after hadron evolution
    -9.80000      0.00000
    -9.40000      0.00000
    -9.00000      0.00000
    -8.60000      0.00000
    -8.20000      0.00000
    -7.80000      0.00000
    -7.40000      0.00000
    -7.00000      0.00000
    -6.60000      1.50000
    -6.20000      3.50000
    -5.80000     11.00000
    -5.40000     24.00000
    -5.00000     56.00000
    -4.60000    112.50000
    -4.20000    176.50000
    -3.80000    251.00000
    -3.40000    287.00000
    -3.00000    359.00000
    -2.60000    440.00000
    -2.20000    501.00000
    -1.80000    543.50000
    -1.40000    646.50000
    -1.00000    688.50000
    -0.60000    711.00000
    -0.20000    756.00000
     0.20000    753.50000
     0.60000    701.00000
     1.00000    663.00000
     1.40000    629.50000
     1.80000    569.00000
     2.20000    480.00000
     2.60000    397.50000
     3.00000    362.00000
     3.40000    304.50000
     3.80000    249.50000
     4.20000    176.50000
     4.60000    121.50000
     5.00000     64.00000
     5.40000     29.50000
     5.80000      7.50000
     6.20000      2.50000
     6.60000      0.00000
     7.00000      0.00000
     7.40000      0.00000
     7.80000      0.00000
     8.20000      0.00000
     8.60000      0.00000
     9.00000      0.00000
     9.40000      0.00000
     9.80000      0.00000
