    -9.80000      0.00000
    -9.40000      0.00000
    -9.00000      0.00000
    -8.60000      0.00000
    -8.20000      0.00000
    -7.80000      0.00000
    -7.40000      0.00000
    -7.00000      0.00000
    -6.60000      1.00000
    -6.20000      2.00000
    -5.80000      4.50000
    -5.40000     16.00000
    -5.00000     49.00000
    -4.60000     74.50000
    -4.20000    133.00000
    -3.80000    205.00000
    -3.40000    262.00000
    -3.00000    331.50000
    -2.60000    435.50000
    -2.20000    512.50000
    -1.80000    583.50000
    -1.40000    614.00000
    -1.00000    678.00000
    -0.60000    693.50000
    -0.20000    709.00000
     0.20000    689.00000
     0.60000    691.00000
     1.00000    675.00000
     1.40000    612.00000
     1.80000    567.50000
     2.20000    504.00000
     2.60000    395.00000
     3.00000    345.50000
     3.40000    259.50000
     3.80000    200.00000
     4.20000    139.00000
     4.60000    103.00000
     5.00000     47.50000
     5.40000     15.50000
     5.80000      6.50000
     6.20000      1.50000
     6.60000      1.00000
     7.00000      0.00000
     7.40000      0.00000
     7.80000      0.00000
     8.20000      0.00000
     8.60000      0.00000
     9.00000      0.00000
     9.40000      0.00000
     9.80000      0.00000
 after hadron evolution
    -9.80000      0.00000
    -9.40000      0.00000
    -9.00000      0.00000
    -8.60000      0.00000
    -8.20000      0.00000
    -7.80000      0.00000
    -7.40000      0.00000
    -7.00000      0.50000
    -6.60000      2.00000
    -6.20000      4.00000
    -5.80000     15.00000
    -5.40000     37.50000
    -5.00000     84.00000
    -4.60000    155.00000
    -4.20000    221.00000
    -3.80000    345.00000
    -3.40000    421.00000
    -3.00000    538.00000
    -2.60000    663.00000
    -2.20000    763.50000
    -1.80000    855.50000
    -1.40000    975.50000
    -1.00000   1028.50000
    -0.60000   1069.50000
    -0.20000   1116.50000
     0.20000   1106.00000
     0.60000   1052.50000
     1.00000   1022.00000
     1.40000    958.50000
     1.80000    868.00000
     2.20000    736.00000
     2.60000    622.00000
     3.00000    541.50000
     3.40000    439.50000
     3.80000    338.00000
     4.20000    226.50000
     4.60000    172.50000
     5.00000     84.50000
     5.40000     42.50000
     5.80000     13.00000
     6.20000      2.50000
     6.60000      1.00000
     7.00000      0.00000
     7.40000      0.00000
     7.80000      0.00000
     8.20000      0.00000
     8.60000      0.00000
     9.00000      0.00000
     9.40000      0.00000
     9.80000      0.00000
