    -9.80000      0.00000
    -9.40000      0.00000
    -9.00000      0.00000
    -8.60000      0.00000
    -8.20000      0.00000
    -7.80000      0.00000
    -7.40000      2.50000
    -7.00000      5.00000
    -6.60000     12.50000
    -6.20000     12.50000
    -5.80000     32.50000
    -5.40000     32.50000
    -5.00000    107.50000
    -4.60000    102.50000
    -4.20000    105.00000
    -3.80000    182.50000
    -3.40000    200.00000
    -3.00000    240.00000
    -2.60000    305.00000
    -2.20000    347.50000
    -1.80000    315.00000
    -1.40000    337.50000
    -1.00000    335.00000
    -0.60000    340.00000
    -0.20000    272.50000
     0.20000    290.00000
     0.60000    315.00000
     1.00000    300.00000
     1.40000    352.50000
     1.80000    300.00000
     2.20000    292.50000
     2.60000    260.00000
     3.00000    262.50000
     3.40000    197.50000
     3.80000    132.50000
     4.20000    122.50000
     4.60000    102.50000
     5.00000     57.50000
     5.40000     27.50000
     5.80000     27.50000
     6.20000     10.00000
     6.60000      5.00000
     7.00000      0.00000
     7.40000      5.00000
     7.80000      0.00000
     8.20000      0.00000
     8.60000      0.00000
     9.00000      0.00000
     9.40000      0.00000
     9.80000      0.00000
 after hadron evolution
    -9.80000      0.00000
    -9.40000      0.00000
    -9.00000      0.00000
    -8.60000      0.00000
    -8.20000      0.00000
    -7.80000      0.00000
    -7.40000      0.00000
    -7.00000      2.50000
    -6.60000     10.00000
    -6.20000     15.00000
    -5.80000     35.00000
    -5.40000     45.00000
    -5.00000     87.50000
    -4.60000    155.00000
    -4.20000    185.00000
    -3.80000    275.00000
    -3.40000    345.00000
    -3.00000    350.00000
    -2.60000    507.50000
    -2.20000    525.00000
    -1.80000    495.00000
    -1.40000    552.50000
    -1.00000    615.00000
    -0.60000    500.00000
    -0.20000    567.50000
     0.20000    465.00000
     0.60000    540.00000
     1.00000    575.00000
     1.40000    515.00000
     1.80000    530.00000
     2.20000    450.00000
     2.60000    422.50000
     3.00000    385.00000
     3.40000    340.00000
     3.80000    242.50000
     4.20000    182.50000
     4.60000    155.00000
     5.00000     87.50000
     5.40000     65.00000
     5.80000     40.00000
     6.20000     12.50000
     6.60000     10.00000
     7.00000      0.00000
     7.40000      0.00000
     7.80000      0.00000
     8.20000      0.00000
     8.60000      0.00000
     9.00000      0.00000
     9.40000      0.00000
     9.80000      0.00000
