    -9.80000      0.00000
    -9.40000      0.00000
    -9.00000      0.00000
    -8.60000      0.00000
    -8.20000      0.00000
    -7.80000      0.00000
    -7.40000      0.00000
    -7.00000      2.50000
    -6.60000      5.00000
    -6.20000      7.50000
    -5.80000     20.00000
    -5.40000     15.00000
    -5.00000     35.00000
    -4.60000     35.00000
    -4.20000     32.50000
    -3.80000     77.50000
    -3.40000    112.50000
    -3.00000    122.50000
    -2.60000    135.00000
    -2.20000    162.50000
    -1.80000    175.00000
    -1.40000    162.50000
    -1.00000    170.00000
    -0.60000    170.00000
    -0.20000    127.50000
     0.20000    127.50000
     0.60000    170.00000
     1.00000    142.50000
     1.40000    175.00000
     1.80000    145.00000
     2.20000    145.00000
     2.60000    127.50000
     3.00000    122.50000
     3.40000     85.00000
     3.80000     72.50000
     4.20000     52.50000
     4.60000     37.50000
     5.00000     27.50000
     5.40000     10.00000
     5.80000     17.50000
     6.20000      0.00000
     6.60000      0.00000
     7.00000      0.00000
     7.40000      0.00000
     7.80000      0.00000
     8.20000      0.00000
     8.60000      0.00000
     9.00000      0.00000
     9.40000      0.00000
     9.80000      0.00000
 after hadron evolution
    -9.80000      0.00000
    -9.40000      0.00000
    -9.00000      0.00000
    -8.60000      0.00000
    -8.20000      0.00000
    -7.80000      0.00000
    -7.40000      0.00000
    -7.00000      0.00000
    -6.60000      7.50000
    -6.20000      7.50000
    -5.80000     15.00000
    -5.40000     22.50000
    -5.00000     37.50000
    -4.60000     57.50000
    -4.20000     67.50000
    -3.80000    105.00000
    -3.40000    192.50000
    -3.00000    177.50000
    -2.60000    242.50000
    -2.20000    265.00000
    -1.80000    265.00000
    -1.40000    267.50000
    -1.00000    290.00000
    -0.60000    295.00000
    -0.20000    262.50000
     0.20000    245.00000
     0.60000    310.00000
     1.00000    302.50000
     1.40000    227.50000
     1.80000    257.50000
     2.20000    237.50000
     2.60000    215.00000
     3.00000    175.00000
     3.40000    175.00000
     3.80000     95.00000
     4.20000     85.00000
     4.60000     67.50000
     5.00000     50.00000
     5.40000     20.00000
     5.80000     25.00000
     6.20000      0.00000
     6.60000      2.50000
     7.00000      0.00000
     7.40000      0.00000
     7.80000      0.00000
     8.20000      0.00000
     8.60000      0.00000
     9.00000      0.00000
     9.40000      0.00000
     9.80000      0.00000
