 after hadron evolution
     0.02500    114.86897
     0.07500    225.52768
     0.12500    191.55630
     0.17500    150.68407
     0.22500     98.10777
     0.27500     25.80879
     0.32500     36.04401
     0.37500     57.43456
     0.42500     22.00111
     0.47500     61.24852
     0.52500     19.80595
     0.57500     28.12329
     0.62500     26.61189
     0.67500     51.14012
     0.72500     16.62277
     0.77500     31.46870
     0.87500     14.69638
     0.97500     13.51672
     1.02500      6.54855
     1.17500     12.06110
     1.52500      4.97806
