    -9.80000      0.00000
    -9.40000      0.00000
    -9.00000      0.00000
    -8.60000      0.00000
    -8.20000      0.00000
    -7.80000      0.00000
    -7.40000      0.00000
    -7.00000      0.00000
    -6.60000      0.00000
    -6.20000      0.00000
    -5.80000      5.00000
    -5.40000      5.00000
    -5.00000      5.00000
    -4.60000     20.00000
    -4.20000     20.00000
    -3.80000     37.50000
    -3.40000     37.50000
    -3.00000     45.00000
    -2.60000     55.00000
    -2.20000     70.00000
    -1.80000     67.50000
    -1.40000     72.50000
    -1.00000     70.00000
    -0.60000     97.50000
    -0.20000     72.50000
     0.20000     80.00000
     0.60000     75.00000
     1.00000     67.50000
     1.40000     82.50000
     1.80000     57.50000
     2.20000     60.00000
     2.60000     60.00000
     3.00000     45.00000
     3.40000     45.00000
     3.80000     12.50000
     4.20000     22.50000
     4.60000      7.50000
     5.00000     12.50000
     5.40000      0.00000
     5.80000      0.00000
     6.20000      0.00000
     6.60000      2.50000
     7.00000      0.00000
     7.40000      0.00000
     7.80000      0.00000
     8.20000      0.00000
     8.60000      0.00000
     9.00000      0.00000
     9.40000      0.00000
     9.80000      0.00000
 after hadron evolution
    -9.80000      0.00000
    -9.40000      0.00000
    -9.00000      0.00000
    -8.60000      0.00000
    -8.20000      0.00000
    -7.80000      0.00000
    -7.40000      0.00000
    -7.00000      0.00000
    -6.60000      0.00000
    -6.20000      0.00000
    -5.80000     10.00000
    -5.40000      7.50000
    -5.00000     17.50000
    -4.60000     47.50000
    -4.20000     62.50000
    -3.80000    130.00000
    -3.40000    102.50000
    -3.00000    110.00000
    -2.60000    190.00000
    -2.20000    180.00000
    -1.80000    175.00000
    -1.40000    230.00000
    -1.00000    267.50000
    -0.60000    207.50000
    -0.20000    282.50000
     0.20000    220.00000
     0.60000    227.50000
     1.00000    242.50000
     1.40000    200.00000
     1.80000    215.00000
     2.20000    172.50000
     2.60000    155.00000
     3.00000    147.50000
     3.40000    100.00000
     3.80000    102.50000
     4.20000     65.00000
     4.60000     32.50000
     5.00000     25.00000
     5.40000      5.00000
     5.80000      7.50000
     6.20000      0.00000
     6.60000      2.50000
     7.00000      0.00000
     7.40000      0.00000
     7.80000      0.00000
     8.20000      0.00000
     8.60000      0.00000
     9.00000      0.00000
     9.40000      0.00000
     9.80000      0.00000
