    -9.80000      0.00000
    -9.40000      0.00000
    -9.00000      0.00000
    -8.60000      0.00000
    -8.20000      0.00000
    -7.80000      0.00000
    -7.40000      0.00000
    -7.00000      0.00000
    -6.60000      2.50000
    -6.20000      2.50000
    -5.80000      5.00000
    -5.40000      7.50000
    -5.00000     12.50000
    -4.60000     12.50000
    -4.20000     22.50000
    -3.80000     20.00000
    -3.40000     37.50000
    -3.00000     47.50000
    -2.60000     40.00000
    -2.20000     55.00000
    -1.80000     75.00000
    -1.40000     82.50000
    -1.00000    100.00000
    -0.60000     75.00000
    -0.20000    100.00000
     0.20000     67.50000
     0.60000     72.50000
     1.00000    107.50000
     1.40000     85.00000
     1.80000     52.50000
     2.20000     57.50000
     2.60000     52.50000
     3.00000     32.50000
     3.40000     35.00000
     3.80000     22.50000
     4.20000     32.50000
     4.60000     15.00000
     5.00000     15.00000
     5.40000      7.50000
     5.80000      5.00000
     6.20000      2.50000
     6.60000      0.00000
     7.00000      0.00000
     7.40000      0.00000
     7.80000      0.00000
     8.20000      0.00000
     8.60000      0.00000
     9.00000      0.00000
     9.40000      0.00000
     9.80000      0.00000
 after hadron evolution
    -9.80000      0.00000
    -9.40000      0.00000
    -9.00000      0.00000
    -8.60000      0.00000
    -8.20000      0.00000
    -7.80000      0.00000
    -7.40000      0.00000
    -7.00000      0.00000
    -6.60000      2.50000
    -6.20000      2.50000
    -5.80000      7.50000
    -5.40000     25.00000
    -5.00000     42.50000
    -4.60000     67.50000
    -4.20000     87.50000
    -3.80000    105.00000
    -3.40000    147.50000
    -3.00000    157.50000
    -2.60000    165.00000
    -2.20000    232.50000
    -1.80000    242.50000
    -1.40000    265.00000
    -1.00000    295.00000
    -0.60000    327.50000
    -0.20000    312.50000
     0.20000    327.50000
     0.60000    275.00000
     1.00000    340.00000
     1.40000    260.00000
     1.80000    215.00000
     2.20000    187.50000
     2.60000    165.00000
     3.00000    140.00000
     3.40000    147.50000
     3.80000    112.50000
     4.20000     97.50000
     4.60000     57.50000
     5.00000     32.50000
     5.40000     20.00000
     5.80000     12.50000
     6.20000      2.50000
     6.60000      0.00000
     7.00000      0.00000
     7.40000      0.00000
     7.80000      0.00000
     8.20000      0.00000
     8.60000      0.00000
     9.00000      0.00000
     9.40000      0.00000
     9.80000      0.00000
