    -9.80000      0.00000
    -9.40000      0.00000
    -9.00000      0.00000
    -8.60000      0.00000
    -8.20000      0.00000
    -7.80000      0.00000
    -7.40000      0.00000
    -7.00000      0.00000
    -6.60000      0.00000
    -6.20000      0.00000
    -5.80000      7.50000
    -5.40000     20.00000
    -5.00000     42.50000
    -4.60000     65.00000
    -4.20000    130.00000
    -3.80000    140.00000
    -3.40000    170.00000
    -3.00000    210.00000
    -2.60000    280.00000
    -2.20000    342.50000
    -1.80000    327.50000
    -1.40000    370.00000
    -1.00000    395.00000
    -0.60000    420.00000
    -0.20000    367.50000
     0.20000    392.50000
     0.60000    377.50000
     1.00000    362.50000
     1.40000    362.50000
     1.80000    275.00000
     2.20000    300.00000
     2.60000    260.00000
     3.00000    227.50000
     3.40000    175.00000
     3.80000    112.50000
     4.20000    105.00000
     4.60000     50.00000
     5.00000     42.50000
     5.40000      7.50000
     5.80000      7.50000
     6.20000      0.00000
     6.60000      2.50000
     7.00000      0.00000
     7.40000      0.00000
     7.80000      0.00000
     8.20000      0.00000
     8.60000      0.00000
     9.00000      0.00000
     9.40000      0.00000
     9.80000      0.00000
 after hadron evolution
    -9.80000      0.00000
    -9.40000      0.00000
    -9.00000      0.00000
    -8.60000      0.00000
    -8.20000      0.00000
    -7.80000      0.00000
    -7.40000      0.00000
    -7.00000      0.00000
    -6.60000      0.00000
    -6.20000      0.00000
    -5.80000     15.00000
    -5.40000     27.50000
    -5.00000     62.50000
    -4.60000     97.50000
    -4.20000    160.00000
    -3.80000    247.50000
    -3.40000    285.00000
    -3.00000    362.50000
    -2.60000    447.50000
    -2.20000    535.00000
    -1.80000    485.00000
    -1.40000    567.50000
    -1.00000    682.50000
    -0.60000    615.00000
    -0.20000    677.50000
     0.20000    575.00000
     0.60000    635.00000
     1.00000    627.50000
     1.40000    545.00000
     1.80000    477.50000
     2.20000    507.50000
     2.60000    365.00000
     3.00000    392.50000
     3.40000    267.50000
     3.80000    227.50000
     4.20000    195.00000
     4.60000    100.00000
     5.00000     62.50000
     5.40000     17.50000
     5.80000     20.00000
     6.20000      0.00000
     6.60000      2.50000
     7.00000      0.00000
     7.40000      0.00000
     7.80000      0.00000
     8.20000      0.00000
     8.60000      0.00000
     9.00000      0.00000
     9.40000      0.00000
     9.80000      0.00000
