    -9.80000      0.00000
    -9.40000      0.00000
    -9.00000      0.00000
    -8.60000      0.00000
    -8.20000      0.00000
    -7.80000      0.00000
    -7.40000      0.00000
    -7.00000      0.00000
    -6.60000      0.00000
    -6.20000      0.00000
    -5.80000      2.50000
    -5.40000     15.00000
    -5.00000     17.50000
    -4.60000     15.00000
    -4.20000     55.00000
    -3.80000     40.00000
    -3.40000     80.00000
    -3.00000    117.50000
    -2.60000    137.50000
    -2.20000    167.50000
    -1.80000    150.00000
    -1.40000    187.50000
    -1.00000    207.50000
    -0.60000    207.50000
    -0.20000    167.50000
     0.20000    182.50000
     0.60000    187.50000
     1.00000    195.00000
     1.40000    170.00000
     1.80000    132.50000
     2.20000    142.50000
     2.60000    122.50000
     3.00000     95.00000
     3.40000     77.50000
     3.80000     55.00000
     4.20000     47.50000
     4.60000     27.50000
     5.00000     12.50000
     5.40000      2.50000
     5.80000      7.50000
     6.20000      0.00000
     6.60000      0.00000
     7.00000      0.00000
     7.40000      0.00000
     7.80000      0.00000
     8.20000      0.00000
     8.60000      0.00000
     9.00000      0.00000
     9.40000      0.00000
     9.80000      0.00000
 after hadron evolution
    -9.80000      0.00000
    -9.40000      0.00000
    -9.00000      0.00000
    -8.60000      0.00000
    -8.20000      0.00000
    -7.80000      0.00000
    -7.40000      0.00000
    -7.00000      0.00000
    -6.60000      0.00000
    -6.20000      0.00000
    -5.80000      5.00000
    -5.40000     20.00000
    -5.00000     27.50000
    -4.60000     37.50000
    -4.20000     72.50000
    -3.80000     75.00000
    -3.40000    142.50000
    -3.00000    202.50000
    -2.60000    202.50000
    -2.20000    270.00000
    -1.80000    247.50000
    -1.40000    277.50000
    -1.00000    347.50000
    -0.60000    330.00000
    -0.20000    320.00000
     0.20000    315.00000
     0.60000    335.00000
     1.00000    320.00000
     1.40000    282.50000
     1.80000    212.50000
     2.20000    265.00000
     2.60000    155.00000
     3.00000    185.00000
     3.40000    130.00000
     3.80000     95.00000
     4.20000     95.00000
     4.60000     50.00000
     5.00000     27.50000
     5.40000     10.00000
     5.80000     12.50000
     6.20000      0.00000
     6.60000      0.00000
     7.00000      0.00000
     7.40000      0.00000
     7.80000      0.00000
     8.20000      0.00000
     8.60000      0.00000
     9.00000      0.00000
     9.40000      0.00000
     9.80000      0.00000
