0
0
0
0
0
0
0
0
0
0
0
0
0
0
0
0
0
0
0
0
0
0
0
0
0.171
-0.098
0.027
0.282
0.096
-0.368
-0.503
-0.03
0.307
0.38
-0.307
-0.435
0.147
-0.053
0.034
-0.074
-1.124
0.047
-0.336
0.045
0.064
0.274
-0.079
0.383
-0.942
1.234
-0.198
0.822
-0.402
0.38
-0.223
0.115
0.248
-0.023
-0.501
0.298
-0.586
-0.103
-0.647
-0.068
-0.038
0.467
-0.243
-0.277
-0.185
-0.001
0.624
-0.172
-0.502
0.743
0.752
-0.658
-0.032
0.354
-0.493
0.055
0.255
-0.078
-0.178
-0.007
-0.069
0.369
0.121
0.337
0.419
-0.606
0.025
0.214
0.174
-0.108
0.301
-0.511
-0.667
0.297
0.124
0.392
0.635
0.043
-0.487
0.244
-0.111
0.673
-0.366
-0.726
-0.334
-0.834
-0.647
-0.111
-0.113
-0.157
0.758
-0.143
-0.063
0.002
1.021
-0.255
0.68
-0.182
0.458
-0.632
0.369
0.005
0.464
0.095
-0.127
0.403
-0.397
0.037
0.495
-0.095
0.426
0
0.174
0.956
0.042
-0.074
-0.126
0.074
-0.14
0.68
-0.441
-0.163
0.011
0.848
0.135
0.662
1.332
0.15
-0.335
0.402
0.07
0.373
-0.823
-0.082
0.1
-0.898
-0.464
0.364
0.032
-0.687
0.592
-1.048
0.422
-0.061
-0.452
-0.664
-0.061
-0.233
-0.137
-0.814
-0.724
0.119
0.149
0.317
-0.8
0.554
0.399
-0.095
-0.694
-0.128
0.101
-0.298
-0.276
0.812
-0.18
-1.178
-0.29
0.244
0.046
0.324
-0.191
0.013
0.129
1.03
1.538
-0.274
0.012
0.816
0.041
-0.619
-0.499
1.496
-0.434
-0.139
0.576
-0.107
0.037
1.133
-0.143
-0.331
0.064
1.09
-0.078
-0.455
0.133
0.143
0.794
-0.157
0.132
-0.101
-0.213
0.093
0.247
0.031
-0.466
0.374
0.722
-0.37
0.667
0.338
0.506
-0.759
0.422
0.116
-0.418
0.164
0.409
-0.894
1.025
0.288
0.133
0.429
-0.183
0.491
-0.479
0.002
-0.275
0.575
-0.412
0.366
-0.055
0.43
-0.403
-0.195
-0.157
0.023
-0.172
0.413
0.078
0.124
-0.183
-0.125
-0.731
-0.018
-0.892
0.166
0.207
-0.101
0.028
-0.022
-0.185
-0.472
0.46
0.45
-0.281
-0.29
-0.067
0.329
-0.028
-0.004
-0.295
-0.397
-0.373
-0.354
0.312
-0.596
-0.573
-0.137
0.549
-0.069
-0.181
0.254
-0.149
0.66
-0.154
1.142
-0.165
0.113
0.062
0.355
-0.847
-0.068
0.569
0.183
0.051
-0.069
-0.51
-0.544
-0.012
-0.008
-0.945
0.113
0.038
-0.415
0.794
0.931
0.4
-0.681
0.771
0.064
0.208
-0.481
-0.03
-0.597
-0.05
0.688
-0.001
-0.418
-0.464
0.045
-0.105
0.341
-0.423
-0.242
0.561
0.611
-0.678
0.368
0.109
1.051
-0.088
-0.142
-0.721
0.182
0.222
0.251
-1.234
-0.066
-0.953
-0.335
-0.31
-0.183
0.251
-0.384
0.646
0.021
-0.165
0.201
0.818
-0.133
0.09
-0.408
-0.271
-0.886
0.134
-0.504
0.287
-0.401
0.792
0.116
0.656
-1.202
-0.371
-0.432
-0.215
-0.282
-0.04
0.209
0.071
0.424
-1.054
0.319
-0.925
0.038
-0.354
-0.3
-0.346
-1.077
-0.727
-0.117
0.162
0.708
0.035
-0.055
-0.047
0.297
0.044
1.04
0.352
0.356
-0.217
-0.657
0.057
0.639
-0.158
-0.254
0.338
0.115
-0.104
-0.291
0.9
0.205
0.1
-0.216
0.052
0.378
0.167
0.097
0.09
0.232
0.051
-1.036
0.194
0.273
0.277
0.414
0.15
-0.341
0.068
0.144
0.679
-0.217
-0.176
0.277
0.283
0.595
-0.014
-0.095
0.021
0.594
-0.657
0.316
0.153
-0.024
0.35
0.288
0.205
1.058
0.069
0.511
0.31
-0.247
0.293
0.343
0.086
0.309
0.018
0.362
0.13
0.179
1.033
0.068
-1.168
0.205
-1.077
0.259
-0.282
0.066
-0.478
0.204
-0.092
0.186
-0.132
-0.075
-0.503
0.683
0.177
0.365
-0.434
-0.053
-0.3
0.298
-0.297
0.623
0.571
0.097
0.05
0.593
0.214
-0.276
0.419
-0.4
-0.067
0.113
0.349
0.092
-0.429
0.9
-0.092
-0.008
0.535
-0.275
-0.095
-0.554
-0.336
-1.218
0.318
-0.13
-0.148
0.348
-0.015
0.154
-0.368
-0.991
-0.785
0.346
-0.058
-0.644
-0.411
-1.411
0.002
-0.028
-0.98
-0.143
0.309
0.145
-0.001
-0.003
-0.306
-0.007
-0.338
0.144
-0.093
-0.045
-0.632
-0.082
-0.517
-0.713
-0.641
-0.464
-0.3
-0.754
-0.14
-0.314
0.249
0.143
-0.063
-0.498
-0.216
-0.015
0.031
-0.024
0.981
0.045
-0.016
-0.094
0.942
0.338
0.393
-0.064
0.959
-0.049
-0.273
-0.097
-0.555
-0.588
-0.356
-0.307
-0.141
0.327
-0.566
0.419
-0.856
-0.213
-0.755
0.155
0.354
-0.207
-0.026
0.238
0.091
-0.41
-0.822
-0.354
-0.885
-0.236
-0.069
0.115
-0.458
-0.589
-0.128
-0.162
-0.161
0.012
-0.02
0.063
-0.32
-0.04
-0.119
0.623
-0.318
-0.178
-0.343
-0.004
0.033
0.316
1.087
-0.011
-0.249
0.072
-0.175
-0.569
0.423
-1.84
-0.437
-0.238
-0.249
-0.268
0.657
-0.183
-0.253
-0.215
-0.198
-1.076
-0.437
-0.167
1.01
0.759
0.335
0.282
0.029
-0.056
-0.721
-0.317
0.367
-0.299
0.404
-0.292
-0.94
0.527
0.025
0.092
-0.133
0.025
0.157
-0.346
0.36
0.088
0.091
-0.028
0.591
0.615
-0.384
0.581
-0.272
-0.101
0.063
-1.449
0.178
-1.184
0.081
-0.214
0.079
-0.021
-0.077
0.653
-0.879
0.205
-0.023
-0.721
0.113
-0.03
0.17
0.193
-0.025
0.055
0.282
0.383
-0.035
1.316
-0.184
0.469
0.588
0.166
0.815
-0.577
-0.224
0.091
-0.123
0.2
0.586
0.325
0.332
0.205
-0.432
-0.224
-0.677
-1.13
0.167
-0.236
-0.011
0.016
0.906
0.555
0.761
-1.197
-0.035
-0.167
0.035
0.652
-1.227
-0.804
0.105
0.293
0.18
-0.191
-0.117
0.252
0.01
-0.346
-0.079
-0.312
0.194
-0.127
-0.132
0.062
-0.351
0.318
-0.093
0.401
0.625
-0.031
-0.227
0.612
0.037
-0.371
-0.735
0.1
-0.042
-0.415
0.565
0.193
-0.175
-1.498
0.528
0.527
-0.055
-2.637
0.103
-0.028
0.747
-0.193
-0.344
-0.363
0.656
-0.847
-0.041
0.058
-0.467
0.177
0.437
0.554
0.155
-0.031
-0.144
-0.431
-0.165
0.545
0.427
0.835
0.461
0.672
-0.066
-0.352
0.11
-0.089
0.133
-0.199
0.329
0.085
0.321
-0.158
-1.182
0.072
-0.186
0.157
0.219
0.435
0.635
0.256
0.806
-0.187
0.012
0.291
-0.177
0.173
-0.145
-0.78
-0.161
0.399
0.732
1.205
-0.39
-0.134
-0.154
-0.628
-0.046
0.004
0.109
-0.522
0.547
-0.647
-0.472
0.293
0.239
-0.321
-0.229
0.399
-0.312
0.077
0.075
-0.095
0.358
-0.014
-0.49
-0.331
-0.029
0.598
0.004
-0.063
-0.156
1.052
0.357
0.68
-0.409
0.358
-0.024
0.202
0.313
-0.078
-0.029
0.013
0.225
0.051
0.054
-0.24
-0.084
0.733
-0.029
-0.046
0.015
0.136
1.279
1.03
-0.374
-0.044
-0.727
-0.213
-0.023
0.166
0.266
-0.16
-0.181
0.501
-0.824
0.075
0.094
-0.072
-0.333
0.401
-0.866
-0.394
0.071
-0.447
-0.24
-0.771
0.15
0.318
0.044
-0.308
0.305
0.022
0.199
-0.097
-0.88
-1.041
0.922
-0.235
-0.779
0.047
-0.566
0.095
-0.316
-0.123
0.082
-0.258
0.334
-0.397
-0.078
0.256
-1.819
-0.067
-0.89
1.001
0.419
-0.126
-0.003
-0.289
-0.157
-0.085
1.202
0.997
-0.218
0.055
0.707
0.147
-0.433
-0.517
0.047
0.037
0.09
-0.293
-0.126
-0.156
-0.298
0.674
0.317
0.385
-0.028
0.527
0.071
0.088
0.157
-0.307
0.794
-0.43
-0.169
0.023
0.413
0.553
-0.206
0.32
-0.019
-0.028
-0.387
-0.237
0.281
0.841
0.248
-0.148
-0.016
-0.321
0.281
0.873
0.23
-0.236
-0.253
0.003
-0.018
0.029
0.555
-0.078
-0.286
0.196
-0.122
-0.017
-0.129
-1.319
0.019
-0.846
0.1
-0.017
-0.679
-0.873
0.049
0.006
-0.37
0.305
-1.109
0.67
-0.06
0.291
0.082
1.031
-0.016
0.168
-0.145
-0.314
-0.078
0.018
0.109
0.187
0.323
1.165
0.172
0.665
-0.333
-0.18
0.055
-0.041
0.189
0.127
-0.268
0.013
-0.051
0.495
0.01
0.132
-0.341
0.157
-0.322
-0.038
-0.44
-0.142
0.149
0.426
-0.05
-0.471
-0.099
0.442
-0.564
-0.293
-0.079
0.232
-1.342
-0.136
0.438
-0.009
0.634
-0.489
-0.571
-0.103
0.325
0.796
-0.191
0.201
0.001
-0.089
0.553
0.116
0.237
-0.056
-0.375
-0.311
-0.19
0.373
-0.086
-0.025
0.171
-0.315
-0.303
0.418
0.26
-0.101
-0.268
-0.168
0.095
-0.069
0.005
-0.022
0.21
0.769
-0.473
-0.426
-1.065
-0.17
-0.162
-0.623
-0.393
-0.067
0.42
1.05
0.312
0.536
-0.298
-0.059
0.59
0.14
-0.304
-0.654
0.62
0.077
0.179
-0.13
0.604
0.6
0.193
-0.234
1.002
-0.038
0.246
-0.611
-0.403
-0.513
-0.413
0.584
-0.357
0.067
0.173
-0.398
-0.318
-1.312
0.118
0.262
-0.165
0.077
-0.23
0.654
-0.171
-0.54
0.098
0.062
1.266
-0.864
0.018
-0.07
-0.379
-0.475
-0.68
0.175
0.247
-0.076
-0.151
0.031
-0.045
-0.3
1.048
-0.227
0.088
-0.009
-0.614
-0.21
-0.091
-0.042
0.045
-0.217
-0.357
-0.598
0.187
-0.466
-0.968
0.035
-0.422
0.275
0.437
0.458
-0.098
-0.204
0.051
0.083
-0.225
-0.197
-1.626
0.453
0.844
-0.271
0.109
-0.36
0.071
-0.34
0.062
0.172
0.683
0.166
-0.106
-0.192
-0.016
-0.042
0.324
0.173
-0.027
0.137
-0.489
0.052
-0.563
0.112
0.52
-0.828
0.679
-1.035
-0.521
-1.03
-0.162
0.237
-0.279
1.008
-0.127
0.245
-0.064
0.218
0.269
-0.014
-0.207
-0.033
-0.288
-0.038
-0.348
-0.029
-0.128
0.027
0.046
-0.306
0.086
-0.004
-0.087
1.072
-0.034
-0.059
-0.276
0.192
-0.302
0.312
-0.041
0.901
0.69
0.574
0.077
0.729
-0.207
0.104
-0.05
0.184
-0.127
0.617
-0.198
-0.39
0.06
-0.168
-0.075
-0.191
-0.012
-0.105
-0.304
-0.275
0.505
0.283
0.298
-0.144
0.259
-0.006
0.296
0.01
0.241
-0.126
-0.064
0.532
0.258
-0.224
0.294
0.389
-0.354
0.13
1.006
0.099
0.2
0.199
0.485
0.738
0.385
0.903
-0.204
0.093
0.286
0.05
0.137
0.284
-0.388
0.223
0.068
-0.209
0.32
0.612
0.244
0.223
-0.284
-0.353
-0.577
0.092
-0.015
0.056
0.137
-0.442
-0.053
-0.162
0.145
0.021
-0.119
-0.024
-0.027
-0.998
0.171
0.373
0.068
0.688
0.047
-0.899
0.834
-0.111
0.182
0.15
-0.513
-0.052
-0.183
0.043
0.043
0.518
0.407
0.16
0.107
-0.833
0.626
-0.155
-1.377
0.932
-0.255
0.065
0.438
-0.294
0.806
-0.382
-0.06
0.154
-0.204
-0.134
-0.083
0.076
-0.343
-0.003
-0.011
-0.269
-0.244
-0.374
0.071
-0.275
-0.185
-0.172
0.209
-3.107
0.022
0.938
-1.625
-0.221
0.132
0.244
0.027
-0.046
0.455
-0.501
-0.012
0
-0.002
-0.048
0.547
-0.348
-0.276
-0.041
-0.517
-0.089
0.215
0.204
0.3
0.069
1.561
0.308
0.121
-0.732
0.213
1.411
0.204
0.158
0.188
-0.075
-0.117
-0.328
-0.523
-0.114
0.097
-0.403
0.221
0.433
0.407
0.464
0.124
0.198
0.319
0.168
-0.131
0.163
0.539
0.468
0.132
0.375
-0.084
-0.473
-0.234
0.244
-1.414
-0.328
-0.715
0.416
0.604
-0.018
-0.157
0.746
0.753
-0.428
0.416
0.408
-0.068
-0.24
-0.184
0.727
-0.45
0.462
0.316
0.161
0.17
-0.837
0.211
0.281
0.045
-0.129
0.027
-0.621
-0
-0.06
0.524
-0.26
0.001
-0.854
-0.247
-0.041
-0.054
-0.342
-0.341
0.112
0.258
-0.504
-0.126
-0.131
-0.093
-0.012
-0.145
-0.864
0.12
0.032
0.509
-0.554
-0.056
-0.712
0.415
-0.021
0.13
-0.323
0.208
-0.135
-0.153
-0.055
-0.135
-0.456
-0.069
-0.299
-0.603
0.019
-0.42
-0.082
0.246
0.052
0.386
0.01
0.187
-0.153
1.04
-0.094
-0.184
-0.472
0.108
-0.027
-0.354
-0.579
0.314
0.531
0.041
-0.069
0.017
-0.077
0.06
0.26
-0.224
-0.761
-0.133
-0.066
0.19
-0.806
0.153
-0.133
0.139
-0.865
0.69
-0.523
0.361
-0.228
-0.545
-0.935
-0.005
-0.077
0.251
-1.026
0.217
0.074
-0.259
-0.339
-1.028
0.601
0.793
0.014
-0.047
-0.545
-0.173
-0.033
0.476
-0.043
0.001
-0.921
0.507
-0.741
-0.477
-2.059
-0.27
-0.074
-1.024
0.577
0.231
0.191
-0.281
-0.292
-0.138
0.214
0.087
0.057
-0.197
-0.377
0.187
0.032
0.127
0.008
-0.015
0.015
0.227
-0.071
0.397
0.421
0.648
-0.04
-0.8
0.245
0.073
-0.077
0.421
0.043
0.135
-0.131
-0.314
-0.469
-0.012
-0.452
0.053
-0.781
-0.165
0.258
0.402
0.022
-0.176
-1.081
-0.365
0.097
-0.161
0.218
-0.004
-0.765
0.385
-0.017
0.127
-0.241
0.136
-0.065
0.473
-0.07
-0.148
0.869
-0.143
-0.464
-0.092
-0.11
-0.113
0.12
0.491
0.051
-0.159
2.139
0.103
-0.004
0.012
0.235
0.043
0.028
-0.157
0.148
-0.045
-0.456
-0.158
-0.265
0.457
0.481
-0.348
-1.431
-0.172
-0.907
-0.325
-0.046
-0.058
-0.298
-0.15
-0.095
0.219
0.098
-0.35
-0.159
0.252
0.295
-0.004
0.287
0.278
0.522
0.173
-0.079
-0.62
-0.805
-0.8
0.822
-0.184
-0.054
0.362
-0.134
0.03
-0.298
0.536
-0.544
0.802
0.083
0.479
0.539
-1.628
0.217
-0.472
-0.39
-0.108
-0.567
-0.225
0.15
-0.438
0.159
-0.886
-0.178
0.423
-0.039
0.65
-0.101
1.907
0.526
-0.19
-0.007
-1.181
0.162
0.037
0.361
-0.15
-0.111
-0.164
-0.593
0.242
-0.616
0.03
0.656
-0.208
-0.661
0.381
-0.1
0.443
0.207
-0.419
-0.49
-0.61
0.187
-0.219
-0.981
-0.22
0.767
0.229
-0.342
0.2
0.172
0.904
-0.472
0.367
0.198
-0.159
-0.042
0.696
0.121
-0.361
-0.188
-0.182
-0.33
0.174
0.817
0.302
-0.126
-1.133
0.163
0.317
-0.231
0.113
0.236
-0.548
-1.049
-0.384
0.032
-0.025
-0.681
-0.127
0.35
0.081
1.257
-0.065
-0.022
0.021
0.124
-1.393
0.013
-0.477
-0.343
-0.224
0.272
-0.153
-0.047
0.247
0.099
0.013
-0.193
-0.393
0.452
0.08
-0.008
-0.545
0.118
0.063
0.006
0.036
0.005
0.142
-0.244
0.786
0.629
0.056
-0.06
0.166
-0.17
0.305
-0.276
0.623
-0.23
0.119
0.185
1.85
0.189
1.45
0.112
-0.07
-0.252
-0.825
0.447
-0.258
0.168
-0.76
-0.21
-0.556
-0.284
-0.075
1.067
0.189
0.1
0.591
-0.481
0.099
0.519
-0.201
-0.554
-0.26
-0.044
0.351
0.207
-1.519
-0.11
0.02
-0.137
-0.185
-0.062
-0.736
-0.025
-0.115
-0.258
-0.564
0.05
-0.342
-0.303
-0.496
0.413
1.798
-0.426
-1.224
0.025
0.083
0.109
0.328
-0.126
-1.071
0.225
-0.137
0.27
-0.272
0.178
-0.126
0.366
0.796
-0.286
-0.087
0.443
-0.137
0.33
0.392
-1.216
0.218
-0.204
-0.036
-0.217
0.261
-0.48
-0.405
0.225
0.491
0.385
-0.169
-0.49
-0.448
0.612
-0.258
-0.162
-0.365
0.128
-0.156
-0.387
-0.359
0.138
0.133
0.259
0.547
-0.212
-0.16
-0.021
0.386
-0.335
0.219
0.075
-0.548
0.508
0.05
-0.768
0.067
0.167
0.7
-0.978
-0.252
0.298
-0.148
-0.193
0.776
-0.134
0.187
0.003
-0.028
-0.719
-0.403
-0.132
0.298
-0.164
0.177
0.346
-0.57
-0.243
-0.036
0.11
0.331
0.01
-0.511
0.052
0.012
0.56
-0.186
-0.759
0.287
-1.239
-0.177
0.655
-0.142
-0.559
0.036
1.09
-0.162
0.303
0.23
1.22
-0.001
0.722
-1.157
0.277
0.285
-0.165
-0.248
0.109
0.373
0.087
0.582
-0.185
-0.619
0.43
-0.074
0.299
-0.444
-0.119
0.892
-0.004
-0.049
0.325
-0.146
-0.12
-2.529
0.294
-0.012
-1.432
-0.503
-0.941
-1.29
0.003
-0.095
-0.452
-0.214
0.001
0.28
0.643
0.712
0.158
0.696
-0.074
-1.154
0.716
-0.126
0.284
0.307
0.152
-0.115
-0.042
-0.422
-0.256
1.014
-0.273
0.227
0.139
-0.025
0.212
0.161
0.159
0.119
-0.055
0
-0.019
-0.296
-0.526
0.021
0.192
0.03
-0.075
0.155
-0.288
0.152
0.71
0.239
-0.248
-0.07
-0.272
-0.075
-0.112
0.4
-0.335
-0.64
-0.184
0.572
-0.242
-0.001
-0.568
-0.25
-0.519
-0.129
-0.189
0.231
0.091
0.016
0.239
-0.207
0.383
0.414
0.052
0.241
0.009
-0.243
0.265
0.189
0.362
-0.361
-0.125
0.395
-0.068
0.592
-0.338
0.147
-0.293
-0.138
-0.198
0.124
-0.687
0.177
-0.519
1.244
-0.196
-0.186
-0.21
-0.948
-0.129
0.247
0.267
-0.026
0.297
0.109
-0.233
-0.009
0.033
0.219
0.462
-0.286
-0.001
-0.063
-0.412
0.389
-0.192
0.082
-0.063
0.356
0.644
0.095
0.192
-0.081
-0.079
0.048
-0.132
0.057
-0.072
0.195
-0.966
-0.378
0.361
0.13
-0.345
-0.564
0.301
0.426
0.054
0.065
0.243
0.635
0.067
0.228
-0.321
-0.221
1.186
-0.158
0.927
-0.435
0.214
-0.055
0.153
0.108
-0.304
0.105
0.1
-0.482
-0.574
0.748
0.718
1.043
1.075
-0.126
0.058
0.319
-0.09
0.018
0.161
-0.496
0.043
0.214
0.286
-0.08
0.106
0.119
-0.359
-0.208
-0.464
-0.34
-0.848
-0.135
0.346
0.258
0.012
-0.051
1.038
-0.501
-0.126
-0.311
-0.208
-0.134
-0.46
-0.355
1.497
-0.182
-0.078
-0.555
0.706
0.005
0.497
0.606
0.231
-0.502
-0.514
-0.059
0.17
0.078
0.076
-0.066
-0.325
0.196
-0.22
0.185
-0.341
0.514
-1.221
0.07
0.803
-0.295
0.507
-0.949
-0.197
-0.123
1.263
0.198
0.377
-0.367
0.253
1.011
-0.494
0.088
0.134
-0.233
1.14
-0.117
0.218
0.022
0.132
0.093
-0.277
0.29
-0.084
0.361
-0.079
1.07
-0.04
-0.285
0.037
0.513
0.261
-0.486
-0.21
-0.164
-0.163
-1.033
0.164
-0.112
0.094
0.018
0.565
-0.589
-0.057
-0.199
-0.35
-0.141
-0.54
-0.042
-0.023
0.046
0.346
-0.125
-0.067
0.206
-0.162
-0.188
0.072
0.538
0.064
0.223
-0.079
0.691
-0.13
-0.347
0.675
-0.21
-0.422
-0.787
-0.497
-1.387
-0.028
-0.056
0.098
-0.338
0.624
-0.667
0.681
-0.379
0.974
0.435
0.151
0.09
0.12
0.08
-0.525
0.084
-0.49
-0.284
0.565
0.113
-0.021
-0.511
0.332
-0.375
-0.434
-0.165
0.126
-0.046
-1.245
-0.627
-0.096
0.032
0.598
-0.857
-0.084
-0.174
0.582
0.359
0.382
-0.082
-0.121
0.513
-0.124
-0.486
0.429
-0.025
0.336
0.36
-0.237
0.004
0.315
0.198
0.074
0.133
0.105
0.257
-0.289
0.193
-0.002
0.152
0.319
0.216
0.168
-0.303
0.049
-0.525
1.279
-0.242
-0.104
0.352
0.732
0.916
-0.013
0.174
-0.078
-0.324
-0.209
-0.612
-0.063
-0.026
-0.573
-0.35
0.038
-0.165
-0.377
-0.9
-0.181
0.276
-0.582
0.436
-0.251
0.097
-0.662
0.181
0.133
-0.186
0.405
-0.154
0.124
-0.812
0.425
0.232
0.504
-0.168
-0.785
0.252
0.27
-0.06
-0.101
-0.18
0.268
-0.147
0.057
-0.062
0.302
0.762
-0.396
-0.003
-0.772
-0.128
-0.165
-0.132
1.269
-0.054
0.311
-0.078
-0.032
-0.173
0.675
0.139
-0.018
-0.252
0.544
-0.3
-0.017
0.161
0.285
0.176
0.176
-0.833
0.196
-0.344
0.02
0.131
-0.164
0.016
0.219
0.414
0.092
0.347
0.056
0.147
0.493
-0.822
-0.147
-0.677
-0.634
-0.211
-0.071
0.4
0.79
-0.627
0.334
0.158
0.541
0.391
-0.016
0.917
-0.066
-0.679
-0.357
-0.185
0.314
0.448
-0.008
-1.622
0.13
-0.221
0.107
-0.947
-0.17
1.038
0.522
-0.861
-0.188
0.517
-1.946
0.287
0.488
-0.016
0.307
0.218
-0.2
-0.021
-1.45
0.107
0.045
0.093
0.204
-0.216
-0.574
0.128
0.313
0.655
0.683
0.622
-0.061
0.172
0.208
0.49
0.164
0.13
-0.886
-0.293
-0.021
0.644
0.303
1.876
-0.335
0.066
-0.257
-0.595
0.256
0.374
-0.233
-0.061
-0.006
-0.702
0.063
-0.367
0.083
-0.202
-0.183
-0.988
-0.225
0.04
-0.03
0.349
-0.112
-0.029
-0.077
0.425
-0.039
-0.236
-0.3
-0.006
-0.323
0.494
0.135
-0.15
0.103
-0.012
1.99
-0.332
0.402
1.537
0.058
-0.544
0.713
0.235
-1.217
-1.058
0.178
0.023
-0.074
0.254
-1.125
0.364
-0.225
0.321
0.173
0.164
-0.061
-0.985
-0.378
-0.19
-0.219
0.121
-0.328
0.063
0.676
1.39
-0.661
0.534
0.435
0.005
0.311
-0.196
0.114
0.148
-0.064
-0.319
0.193
0.104
-2.431
0.21
0.393
0.306
0.057
-0.867
-0.486
0.154
0.087
-0.827
0.313
-0.409
-0.222
-0.033
0.102
0.008
-0.481
0.278
0.116
-0.146
0.092
-0.356
0.189
0.691
0.426
-0.151
0.413
0.136
-0.425
-0.077
0.171
-1.633
-0.58
0.048
0.656
0.137
0.102
-0.188
-0.229
-0.362
-0.1
0.485
-0.38
0.041
-0.257
-0.464
-0.464
-0.206
-0.098
0.089
0.198
-0.376
0.092
-0.414
0.459
-0.109
-0.078
0.15
-0.687
0.302
-0.326
0.309
0.29
0.329
0.856
0.336
0.026
-0.347
0.323
0.321
0.812
0.603
-0.038
-0.011
-0.222
0.16
-0.274
0.302
-0.136
0.499
0.311
-0.323
-0.337
-0.153
0.063
0.189
0.091
-0.855
0.995
-0.415
0.92
0.169
0.256
0.589
0.142
-0.462
-0.313
-0.574
-0.149
0.237
-0.193
0.739
0.165
0.319
-0.309
0.047
-0.091
0.022
-0.585
-0.408
0.348
0.037
0.44
-1.031
-0.313
-0.171
-0.273
-0.718
-0.58
0.487
-0.043
0.49
-0.072
-0.551
0.12
0.125
-0.25
-0.212
0.149
0.494
0.291
0.085
-0.027
0.118
-0.752
-0.134
-1.189
-0.415
-0.106
0.129
1.224
0.566
-0.61
-0.285
-0.315
-0.596
-0.872
-0.053
1.055
-0.038
-0.615
0.066
0.812
-0.116
-0.315
-0.085
0.423
0.221
0.117
0.402
0.019
-0.582
0.004
0.554
0.248
-0.251
0.187
0.085
0.429
1.005
0.976
-0.064
-0.886
0.357
0.381
0.002
0.154
-0.142
0.214
0.193
0.214
-0.073
0.077
0.237
0.015
-0.014
0.384
0.311
0.071
0.358
0.047
0.314
0.584
-0.318
0.09
-0.664
-0.441
0.033
-0.051
-0.177
0.162
-0.004
-0.491
-0.456
0.235
-0.462
0.084
1.46
0.583
-0.573
0.015
-0.046
-0.078
0.172
-0.012
0.146
0.473
0.219
0.08
0.459
0.529
-0.071
0.371
-0.014
0.055
-0.251
0.407
-0.031
0.664
0.086
0.454
-0.794
0.118
-0.023
-0.348
-0.072
-0.093
0.006
0.355
-0.008
-0.756
0.279
-0.061
-0.056
0.191
0.029
0.315
-0.524
0.066
0.092
1.025
0.202
0.481
-0.972
0.089
-0.089
0.261
-0.259
-0.608
0.026
0.96
0.191
0.256
-0.106
-0.221
0.019
0.012
-0.384
0.238
-0.788
-0.402
0.682
-0.386
0.198
-1.944
-0.394
-0.261
0.15
0.742
0.167
-0.514
0.072
-0.026
-0.676
-0.013
-0.053
-0.162
0.823
-0.23
-0.006
0.237
0.152
0.016
-0.242
-0.012
1.165
-0.166
-0.346
-0.323
-0.473
-0.216
1.062
0.396
0.313
-0.186
0.174
-0.003
0.344
-0.618
-0.457
-1.146
-1.457
-0.081
0.808
-0.506
-0.379
-0.028
-0.176
-0.222
-0.207
0.004
0.016
-0.14
-0.062
0.457
0.813
0.457
0.78
0.143
0.045
-0.428
0.283
-0.291
0.854
-0.019
0.232
0.215
0.255
0.16
0.17
0.2
0.219
0.739
-0.012
0.159
-0.215
-0.071
0.21
0.065
-0.318
0.272
-0.026
-1.728
-0.072
0.232
2.164
0.663
0.71
-0.214
-0.089
-0.086
0.411
0.72
-0.063
-0.016
0.554
0.243
0.051
0.357
0.561
0.388
0.71
0.106
0.766
0.169
0.279
-0.101
0.04
-0.959
-0.023
-0.41
-0.21
0.86
-0.693
-0.451
-0.403
0.388
0.433
-0.009
0.478
-0.176
0.119
-0.2
-0.306
0.051
0.521
0.103
0.439
-0.767
-0.58
0.328
0.392
0.485
-0.501
-0.146
0.616
-0.067
0.101
0.92
-0.111
-0.608
-0.165
0.447
-0.999
-0.063
-0.198
-0.06
-0.744
1.21
-0.463
-0.09
-0.123
-0.084
-0.092
0.136
0.171
-0.205
-0.15
-0.201
-0.296
-0.19
0.57
0.475
-0.628
-0.752
-0.567
-0.071
0.186
-0.262
-0.115
-0.614
0.216
-0.218
0.221
-0.296
-0.053
0.173
-0.168
1.748
0.378
0.064
-0.29
-0.354
0.033
-0.162
-0.21
-0.028
-0.746
0.015
-0.283
0.28
0.189
-0.042
-0.79
0.028
0.155
-0.029
0.663
0.076
0.189
-0.17
0.212
-0.141
-0.994
0.278
0.069
-0.033
-0.893
0.176
0.512
0.293
0.179
-0.033
0.009
0.32
0.216
-0.748
0.236
-0.071
-0.11
-1.33
-0.271
-0.135
-0.309
-1.057
0.884
-0.18
0.479
-0.103
-0.045
-0.212
0.083
0.038
0.282
-0.066
0.286
0.04
0.482
-0.388
0.284
0.182
0.264
-1.302
-0.252
-0.054
0.966
0.417
0.09
0.373
0.019
-1.275
-0.107
0.078
-0.103
-0.043
0.863
-0.979
0.373
-0.541
-0.206
1.244
-0.068
0.256
0.022
0.66
0.313
0.237
-0.093
-0.089
-0.498
0.5
-1.149
-0.033
0.372
-0.161
0.197
1.12
0.044
-0.504
-0.228
0.15
0.063
0.299
-0.177
0.595
-0.581
0.224
0.047
0.566
-0.798
0.244
-0.671
0.196
0.087
0.087
0.06
0.049
0.57
-0.257
-0.483
0.135
-0.014
0.875
-0.257
-0.338
0.099
0.021
0.202
-1.119
-0.109
-0.043
-0.12
-0.091
-0.113
0.283
-0.22
0.606
-0.459
-0.628
0.313
0.981
-0.141
0.153
-0.444
0.236
0.095
-0.521
0.176
0.437
-0.095
0.01
-0.175
-0.692
0.131
0.325
0.045
-0.223
0.006
-0.087
0.179
0.67
0.577
-0.017
0.126
-0.518
0.468
-0.036
-0.003
-0.252
-0.353
-0.112
-0.123
-0.725
0.666
-0.203
0.085
-0.489
-0.998
-0.092
-0.148
0.227
-0.21
0.119
-0.195
0.048
-0.136
0.157
-0.322
0.117
-0.846
0.663
0.103
-0.563
-0.019
0.158
-0.248
0.201
-1.506
0.281
-0.225
-0.011
-0.261
0.314
-0.285
-0.36
-0.117
1.287
-0.015
-0.286
-0.144
1.772
-0.046
0.067
-0.14
0.445
0.301
-0.104
-0.054
-0.706
-0.332
-0.126
0.39
0.221
0.874
0.328
0.747
0.301
0.286
0.141
-0.568
-0.203
0.194
0.867
0.008
-0.647
0.099
0.082
-0.842
-0.661
-0.663
0.037
-0.476
1.043
-0.493
-0.206
1.324
-0.128
-0.274
-0.001
0.177
0.739
-0.296
0.376
0.228
-0.093
-0.233
0.595
-0.054
-0.144
0.118
0.261
0.359
-0.659
0.921
-0.422
0.158
0.026
0.82
0.387
0.159
-0.033
-0.468
0.037
0.048
-1.565
0.359
0.033
-0.125
-0.042
-0.139
-0.014
0.284
0.764
0.953
0.143
0.137
0.242
-0.094
0.146
-0.172
-0.356
0.138
0.148
-0.129
0.539
0.221
0.083
0.68
-0.097
0.1
-0.392
-0.066
0.653
0.114
-0.293
0.055
0.089
0.203
0.507
-0.687
-0.413
0.366
-0.022
0.023
0.781
0.028
-0.226
-0.212
0.173
0.023
-0.21
1.654
0.071
0.541
-0.635
0.131
0.039
-0.32
-0.4
0.103
0.155
0.328
0.087
0.361
0.109
-0.063
-0.519
0.181
0.007
-0.463
-0.043
0.456
-0.53
-0.259
-0.332
-0.048
0.14
-0.45
-0.092
-0.219
-1.449
-0.444
-0.231
-0.146
0.22
-0.192
-0.68
0.643
-0.403
0.153
-0.435
-0.385
-0.341
-0.879
-0.209
-0.023
0.366
-0.173
0.063
0.119
0.568
-1.013
0.513
0.494
0.124
0.105
-0.262
-0.619
-0.066
-0.691
-0.41
-0.374
0.694
0.091
0.201
0.795
0.034
-0.02
0.509
0.423
0.104
0.017
-2.224
0.114
0.339
-0.602
0.644
0.658
0.001
0.253
0.192
0.147
0
-0.205
-0.445
0.342
-0.451
-0.058
0.021
-0.226
0.34
-0.095
0.101
0.117
0.329
1.026
-0.727
0.162
0.441
0.032
0.213
-0.028
0.042
0.284
-0.153
0.337
-0.295
-0.741
-0.02
-0.412
0.069
-0.784
-0.269
-0.057
-0.07
1.679
0.075
-0.14
0.009
-0.451
-0.069
-0.127
-0.126
0.395
-0.103
0.362
-0.19
-0.413
0.333
-0.892
0.052
0.582
0.091
0.2
-0.226
-0.528
1.563
0.494
0.135
0.335
0.336
-0.113
0.043
-0.351
-0.146
0.524
0.014
0.107
-0.103
0.104
-0.707
0.198
-0.115
0.085
0.073
0.817
1.045
-0.303
-0.404
-0.065
-0.569
-0.274
0.363
-2.412
-0.256
-0.667
1.63
0.175
0.165
0.01
0.664
0.357
-0.03
-0.707
1.646
-0.094
-0.361
0.247
-0.013
-0.399
0.166
0.08
-0.669
0.042
0.557
0.087
0.498
-1.276
-0.243
0.47
0.161
0.351
-0.235
-0.006
-0.934
0.159
0.254
0.323
-0.224
0.17
0.049
0.345
0.278
0.831
-0.393
0.376
0.019
0.589
0.085
-0.414
0.035
-0.222
-0.326
0.402
0.057
-0.049
-0.256
0.852
-0.201
0.801
0.506
1.3
-0.069
0.181
0.317
0.112
-0.13
0.204
-0.088
-0.069
0.999
-0.222
-0.184
-0.244
0.556
0.127
-0.005
-1.222
0.011
1.603
0.174
-1.605
0.107
-0.511
-0.15
-0.099
-0.302
0.159
0.003
0.815
0.01
0.233
0.236
0.413
-0.219
0.343
-0.01
0.009
-0.125
0.506
-1.22
0.13
-0.537
0.46
-0.06
0.055
-0.015
-0.048
0.074
-0.779
0.42
0.099
0.681
-0.623
0.027
0.068
0.254
-0.503
-0.696
-0.91
-0.227
-0.181
0.081
-0.251
-0.183
-0.407
0.083
-0.03
-0.162
-0.65
0.726
0.033
-0.18
0.226
0.446
-0.141
0.451
-0.051
-0.187
0.042
-0.367
-0.378
-0.209
0.266
-0.008
-1.152
-0.452
0.285
0.046
0.371
-0.028
-0.433
0.872
-0.916
-0.171
-0.228
0.563
0.117
0.276
-0.35
0.315
0.507
0.228
-0.056
-0.628
0.192
-0.509
0.105
-0.118
-0.313
0.184
0.221
-0.115
-0.202
0.125
1.175
-0.084
0.471
0.446
0.102
0.128
0.661
-0.322
0.283
1.359
0.188
0.033
-0.508
0.112
-0.706
-0.248
1.024
0.179
0.18
-0.063
0.175
0.622
0.021
0.024
-0.179
-0.084
-0.057
0.08
-0.377
-0.676
-0.031
-0.107
-0.225
-0.107
-0.632
0.493
-0.235
-0.223
-0.292
0.003
0.29
-0.074
-0.034
0.151
0.119
0.664
-0.045
0.246
-0.671
-0.753
0.079
-0.052
-0.051
0.418
-0.091
-0.097
0.053
-0.34
-0.653
-0.188
-0.147
0.081
0.471
-0.146
0.307
-0.007
0.259
0.315
0.211
-0.189
-0.814
-0.038
-0.264
-0.157
-0.147
-0.476
-0.104
-0.005
-0.456
1.367
-0.149
-0.469
-0.044
-0.118
-0.009
-0.023
0.624
-0.08
0.772
-0.136
-0.52
-0.603
-0.547
0.374
-0.15
0.164
0.018
0.196
-0.086
-0.491
0.217
-0.258
-0.019
0.016
-0.386
0.562
0.542
0.349
0.22
-0.458
0.457
-0.525
-0.072
-0.385
-0.103
-0.166
0.117
-0.18
0.285
1.148
0.206
0.091
-0.111
-0.041
1.208
0.281
0.011
0.046
-0.123
-0.152
-0.351
2.026
0.367
0.388
0.161
0.873
-0.443
0.202
-0.495
-0.255
0.976
0.065
0.024
0.743
0.533
0.083
-0.356
0.095
0.124
-0.252
0.425
-0.518
0.102
0.064
1.194
0.068
-0.153
0.555
-0.444
-0.56
0.057
0.584
0.136
0.074
0.2
-0.037
-0.101
-0.011
-0.203
0.474
-0.302
0.228
0.099
0.066
0.276
0.068
0.852
0.181
-0.012
0.355
0.252
0.307
0.271
-0.79
-0.28
-0.272
0.018
-0.009
-0.234
-0.046
0.073
0.678
-0.204
0.087
0.014
0.645
-0.088
-1.015
-0.336
-0.226
-0.709
-0.486
0.269
0.035
-0.274
-0.568
-0.264
-0.004
0.816
-0.053
-0.227
1.333
0.81
1.406
0.006
-0.052
0.188
-1.007
0.104
-0.833
0.129
0.479
0.068
-0.206
0.342
0.049
0.083
0.509
-0.114
0.316
-0.05
0.035
-0.086
-0.226
0.281
0.835
0.463
-0.731
1.23
-0.012
0.393
-0.676
-0.106
0.996
-0.766
-0.044
-0.1
-0.013
-0.581
-0.194
-1.205
-0.094
0.191
-0.017
0.01
0.455
-0.578
-0.317
0.141
-0.45
-0.007
0.865
0.041
0.054
-1.694
-0.525
-0.251
-0.523
-1.931
-0.395
-0.087
-0.031
-0.382
-0.016
-0.155
0.191
-0.133
0.214
0.062
0.257
-0.233
-1.112
-0.348
0.167
0.166
-0.25
-0.203
-0.245
-0.07
0.559
-0.135
0.148
0.035
0.316
0.144
-0.051
0.372
0.626
-1.723
-0.814
0.202
-0.197
0.524
0.878
-0.257
0.279
0.095
-0.204
0.103
0.032
-0.437
0.519
-1.067
0.046
0.164
0.069
0.26
0.021
-0.414
-0.264
0.032
-0.377
-0.602
-0.208
-0.073
-0.154
-0.25
0.333
0.267
-0.53
0.129
-0.668
0.458
-0.302
-0.378
0.071
0.273
-0.203
-0.221
0.464
0.232
-0.046
-1.03
-0.145
1.644
0.695
-1.121
0.283
-0.335
-0.424
0.271
-0.123
0.214
0.15
0.328
0.096
-0.756
0.42
-0.725
-0.598
0.835
0.081
0.254
-0.569
0.365
0.024
1.024
-0.043
-0.059
-0.356
-0.492
-0.251
-0.064
-0.307
0.202
1.567
0.499
-0.193
-0.056
0.321
0.304
-0.461
-0.572
0.303
0.222
0.516
0.202
0.111
-0.147
-0.114
-0.054
0.03
-0.184
0.139
-0.654
-0.263
-0.069
0.347
0.277
0.627
-0.133
0.306
-0.291
-0.225
-0.614
-0.668
-0.418
-0.013
-0.028
-0.049
-0.781
-0.441
0.699
-1.149
0.28
-0.535
-0.166
-0.284
1.323
0.231
-0.188
0.544
0.124
0.344
-0.016
-0.538
0.149
-0.481
0.188
0.613
-0.066
0.717
-0.794
0.401
-0.257
0.24
0.445
0.393
-0.22
-0.14
0.056
-0.19
0.017
0.439
-0.587
-0.079
0.054
0.191
0.279
-0.304
0.226
0.374
0.667
0.744
-0.272
0.291
0.265
0.247
0.545
0.24
-0.065
0.139
0.303
-0.275
0.023
0.018
-0.277
0.195
0.199
-0.032
0.293
0.39
0.386
0.115
-0.427
0.638
0.216
-0.846
-0.141
-0.442
-0.3
-0.059
0.451
-0.172
0.247
0.095
-0.264
-0.107
-0.012
0.26
-0.517
-0.021
0.016
0.005
0.356
-0.044
-0.183
0.615
0.608
0.801
0.346
0.096
0.268
-0.318
0.704
-0.066
1.086
0.088
-0.402
0.078
-1.331
-0.246
0.494
0.445
-0.258
-0.039
0.113
0.296
0.617
-0.051
0.126
0.069
1.117
0.239
-0.001
-0.037
-0.054
-0.167
0.13
-0.239
0.036
-0.059
-0.051
1.114
0.021
-0.01
0.235
0.983
-0.135
0.261
-0.826
2.383
-0
0.204
0.04
0.105
-0.738
-0.292
0.635
-0.16
-0.057
0.144
-0.112
0.374
-0.192
0.097
-0.37
-0.174
0.098
-0.288
-0.346
-0.156
0.036
-0.759
0.211
0.074
-1.072
0.934
0.872
-0.14
0.37
-0.141
-2.078
-0.128
-0.006
-0.314
0.18
-0.814
-0.009
0.386
0.509
0.326
0.053
1.147
0.029
-0.717
0.136
-0.138
0.154
-0.303
0.604
0.089
-0.075
0.222
-0.598
0.13
0.038
-0.13
0.144
0.244
-0.255
0.266
-0.104
-0.164
-0.129
-0.209
0.182
0.316
0.284
-0.188
-0.289
0.357
0.018
-0.123
0.262
-0.034
-0.18
0.111
0.056
-0.223
0.515
0.375
-0.794
-0.322
-0.458
0.189
-0.476
-0.22
0.11
-0.088
0.386
-0.107
-0.221
-0.308
-0.214
-0.007
-0.189
0.564
0.074
0.06
0.014
0.142
0.266
0.334
-0.417
-0.99
1.345
0.58
-0.282
0.558
0.449
-0.259
-0.303
1.567
-0.324
0.541
-0.188
0.192
-0.415
-0.194
-0.247
-0.236
-0.623
0.556
0.755
0.334
-0.133
-0.21
0.427
-0.209
0.286
-0.213
-0.13
-0.412
0.05
0.108
-0.26
-0.013
-0.126
-0.808
-0.701
0.07
0.581
-0.489
0.146
-0.705
-0.379
0.799
0.148
-0.136
0.129
0.209
0.17
0.047
-0.285
0.013
0.235
0.175
0.085
0.156
0.439
-0.527
0.181
-0.286
0.296
-0.291
-0.86
0.184
0.243
0.244
-0
-0.231
-0.232
-0.126
0.009
0.453
-0.002
0.341
-0.445
0.603
-0.029
0.06
0.019
0.109
0.162
0.562
-0.104
0.17
-0.675
-0.401
0.783
-0.573
1.253
-0.159
-0.63
-0.163
0.115
-0.201
-0.442
-0.03
0.447
0.029
0.43
0.082
0.09
0.013
-0.161
0.37
-0.048
-0.367
0.068
-1.439
0.362
-0.093
-0.581
0.607
-0.215
-0.41
0.174
0.181
0.28
-0.543
0.084
0.329
0.087
-0.527
0.879
-0.251
0.417
-0.449
0.356
0.091
-0.332
0.166
-0.167
0.254
-0.969
0.164
0.17
0.018
0.165
-0.776
0.033
0.225
-0.964
0.616
-0.18
-0.046
0.272
-0.056
-0.048
0.022
-0.244
1.254
-0.323
0.264
-0.204
-0.069
0.468
0.051
0.276
-0.048
-0.202
0.139
1.211
-0.5
-0.484
0.721
0.326
0.356
-1.18
-0.503
0.102
-0.336
0.17
0.152
0.147
-0.132
-0.572
-0.228
-0.144
-0.112
-0.026
-0.305
0.34
0.384
0.297
-0.092
0.385
0.094
-0.351
0.116
0.024
-0.444
-0.054
0.476
-0.196
1.073
-0.199
0.09
-0.268
-0.445
-0.123
0.845
-0.187
0.001
-0.466
0.842
-0.126
0.603
-0.029
-0.057
-0.209
0.231
-1.463
0.275
1.092
0.308
-0.804
-0.078
-0.076
-0.302
0.59
-0.214
0.141
-0.589
-0.164
-0.418
0.613
0.605
0.073
-0.562
-0.256
0.377
-0.435
0.169
0.468
-1.637
-0.153
-0.454
0.275
0.419
0.145
-0.514
0.92
-0.088
-0.641
-0.324
0.304
-0.061
-0.038
-0.013
-0.104
0.269
-0.01
0.744
-0.531
0.831
0.462
0.213
-0.311
0.098
-0.071
-0.058
0.209
0.29
0.099
-0.072
0.16
-0.21
-0.132
0.212
-0.208
-0.087
-0.489
-0.035
0.18
-0.339
0.502
0.103
0.538
1.115
0.801
1.211
0.209
-0.263
0.159
0.228
0.289
0.323
-0.02
-0.056
0.097
0.08
0.85
0.298
-0.583
-0.101
0.532
0.151
0.38
0.094
-0.25
-0.394
0.192
0.482
0.596
-0.857
-0.17
-0.48
0.049
0.219
0.122
0.143
-0.304
-0.27
0.455
0.031
0.197
0.326
0.355
-0.383
0.481
-0.111
0.376
-1.002
-0.095
0.02
0.113
-0.105
-0.194
0.099
0.308
0.036
0.874
1.662
0.155
-0.083
-0.322
-0.391
-0.001
0.641
0.056
-0.218
-0.612
1.59
-0.032
0.253
0.258
0.238
0.132
0.18
-0.319
-0.011
-0.597
0.84
0.046
-0.731
-0.212
-0.149
-0.002
0.202
0.562
0.95
0.089
0.343
0.423
-0.629
0.052
-0.63
1.043
0.561
-0.281
-0.137
0.274
-0.066
0.676
-0.105
-0.337
0.548
0.026
0.052
-0.705
0.473
-1.347
0.29
-0.341
-0.927
0.018
0.757
-0.147
-1.04
0.001
-0.219
0.101
-0.269
0.323
-0.032
-0.076
-0.066
-0.378
0.097
-0.205
-0.17
-0.307
-0.865
0.638
0.032
-0.971
0.807
0.14
0.764
0.002
-0.381
0.229
0.254
-0.097
-0.485
-0.444
0.511
-1.051
-0.708
-0.093
0.077
-0.013
-0.378
-0.66
-0.284
-0.381
0.434
0.101
0.295
-0.126
0.122
-0.284
0.539
-0.549
-0.354
0.735
-0.244
0.293
0.192
0.052
-0.238
-0.049
-0.102
0.239
0.699
-0.101
0.09
-0.222
0.027
-0.381
-0.728
0.351
0.001
-0.954
-0.014
-0.213
1.234
-0.472
-0.083
-0.208
0.302
0.47
0.217
0.447
-0.195
0.054
-0.398
-0.195
0.664
0.128
-0.109
0.654
-0.803
0.854
-0.808
0.106
0.136
0.548
-0.349
0.032
-0.112
-0.291
-0.128
-0.343
-0.228
0.03
-0.008
0.512
-0.11
0.138
1.403
0.34
0.297
-0.82
-0.209
0.034
0.503
-0.082
0.143
-0.564
0.081
-0.166
0.043
0.043
0.622
-0.197
-0.223
0.122
0.239
0.097
-0.047
0.169
-0.109
-0.349
0.289
0.039
0.233
-0.09
0.332
0.019
-0.019
1.102
-0.18
0.835
-0.386
0.079
-0.001
0.463
0.05
0.102
0.174
-0.046
-0.1
0.279
-0.689
-0.649
-0.178
0.902
0.202
-0.184
0.035
-0.475
0.218
0.138
-0.423
0.096
-0.088
-0.193
1.605
0.394
0.307
0.327
0.286
0.529
0.122
-0.324
0.08
0.392
0.284
-0.938
-0.112
0.331
-0.156
-0.104
0.052
-0.419
-0.203
-0.321
-0.187
-0.949
0.454
-0.227
0.233
0.266
-0.175
-0.011
0.019
-0.225
-0.207
-0.334
0.146
-0.173
-0.176
0.582
0.091
-0.474
-0.266
-0.16
-0.406
-0.33
0.315
0.277
0.271
0.465
-0.037
-0.023
0.37
-0.031
0.026
-0.021
-0.493
0.189
0.217
0.273
0.469
-0.086
-0.419
-0.216
0.341
0.032
-0.08
-0.485
0.26
0.342
-0.089
-0.115
0.278
0.23
-1.036
2.03
0.186
0.119
-0.364
-0.545
-0.511
-0.095
0.43
-0.079
-0.034
-0.429
1.821
-0.03
0.747
-0.352
0.318
0.059
-0.15
0.046
0.133
-0.38
0.066
0.421
-0.189
0.417
0.388
-0.257
-0.121
0.115
-0.303
0.565
0.526
-0.375
0.255
0.524
-0.035
-0.589
-0.003
0.236
0.05
-0.522
-0.029
0.241
0.231
-0.484
-0.678
-0.262
0.044
-0.265
-0.288
0.349
-1.495
-0.265
-0.046
-0.085
0.902
0.453
-0.251
-0.112
-0.239
0.339
-0.63
0.14
0.13
0.204
-0.06
-0.118
-0.306
-0.021
-0.767
0.433
0.039
0.153
-0.43
-0.307
0.069
-0.161
-0.638
-0.201
-0.145
0.655
0.1
-0.3
0.687
-0.236
0.103
-0.401
0.03
-0.018
1.259
-0.083
-0.091
0.402
-0.468
0.365
0.273
0.321
-0.153
0.381
-0.914
1.471
-0.039
1.73
0.158
-0.161
0.509
-0.009
-0.489
-0.038
0.035
-0.022
-0.155
-0.772
0.476
0.094
-0.014
0.249
0.389
0.183
0.219
0.102
-0.758
-0.153
-0.379
-0.01
-0.914
0.341
-0.855
-0.225
-0.363
-0.064
-0.083
0.045
-0.257
-0.01
0.13
0.128
-0.829
-0.263
1.263
0.243
0.241
0.121
-0.199
0.252
-0.054
-0.1
0.286
0.113
0.692
0.127
0.027
-0.074
-0.424
0.146
0.005
-0.285
-0.174
-0.277
0.498
0.011
-0.298
0.139
-0.175
-0.077
-0.762
-0.247
-0.046
-0.146
1.687
0.57
0.236
-0.125
0.197
0.256
0.16
0.282
-0.681
-0.077
0.016
-0.155
0.033
0.43
-0.839
0.091
-0.271
0.256
-0.204
0.024
0.139
-0.109
-0.377
-0.144
0.159
0.059
-0.286
-0.251
0.104
0.02
-0.169
-1.524
-0.602
-1.092
0.099
-0.136
0.477
0.59
-0.023
0.381
0.587
0.202
-0.054
0.027
-0.217
0.216
0.147
-0.497
-0.091
0.208
-0.107
0.161
0.068
-0.449
0.286
0.504
0.192
0.41
-0.175
0.001
0.031
0.232
-1.161
0.359
0.402
-1.566
-0.097
0.661
0.434
-0.298
-0.04
-0.072
-0.758
-0.234
-0.599
0.106
-1.687
-0.205
-0.151
-0.176
-0.182
-0.273
0.48
-1.158
-0.302
-0.042
-1.017
0.141
-1.065
-0.458
0.184
-0.621
0.281
0.502
0.216
0.039
-0.124
-0.336
0.796
0.158
0.645
-0.289
-0.631
-0.139
-0.512
1.428
0.191
0.064
0.006
-0.219
-0.197
-0.288
0.043
-0.204
-0.086
-0.373
0.372
-0.057
0.169
-0.194
0.315
-0.236
0.158
0.314
-0.613
0.056
0.099
0.077
-0.054
-0.656
-0.095
-0.5
0.433
0.191
0.603
-0.784
-0.202
-0.147
-0.364
0.072
-0.106
-1.105
0.242
-0.205
-0.227
-0.294
-0.053
0.213
-1.139
-0.429
0.421
-0.305
0.142
0.177
0.05
-0.347
-0.215
0.246
0.172
0.421
0.096
-0.119
-0.525
-0.334
-0.415
-0.058
-0.172
-0.175
-0.115
-0.486
0.126
0.123
-0.084
-0.057
0.374
0.369
0.309
0.129
0.03
-0.084
0.207
0.086
0.451
-0.119
-0.16
-0.359
0.066
0.103
0.589
-0.113
0.263
0.01
-0.34
0.064
-0.456
0.407
0.608
0.177
-0.222
0.145
-0.05
0.054
-0.744
-0.165
0.024
-1.245
-0.59
0.32
-0.26
0.825
0.316
0.137
0.038
-1.299
-0.048
0.024
-0.086
0.124
-0.33
0.3
0.181
-0.297
-0.224
0.106
1.195
0.196
0.197
0.182
-0.828
0.022
-0.262
-1.06
-0.088
-0.377
0.453
0.055
0.171
-0.132
0.612
-0.061
0.252
-0.671
-0.63
-0.014
-0.164
0.484
-0.003
0.099
-0.047
-0.743
0.056
0.007
0.476
-1.061
-0.117
-0.763
-0.291
-0.289
-0.053
0.035
-0.677
0.002
0.307
-0.846
0.05
-0.736
-0.125
-0.283
0.034
0.494
0.225
-0.062
0.022
0.292
0.061
-0.06
0.1
-0.335
-0.16
-0.511
-0.264
-0.03
-0.463
0.288
-0.406
-0.038
-0.48
0.122
-0.429
-0.224
-0.018
0.219
0.014
0.216
-0.152
0.179
-0.16
0.043
0.633
0.288
0.13
-0.626
-0.869
0.231
0.29
-0.295
0.123
0.288
0.042
0.091
-0.038
0.099
0.013
0.022
1.243
0.362
-0.376
0.378
-0.622
0.265
0.356
0.245
-0.332
-0.14
-0.4
-0.149
0.08
-0.66
-0.808
-0.104
-0.461
-1.052
-0.725
-0.038
-0.086
0.029
-0.5
1.123
-0.067
-1.539
-1.448
0.356
-0.129
0.169
-0.292
-0.478
0.06
0.412
0.348
0.176
0.008
0.15
-0.361
-0.212
-0.552
-0.035
0.329
-0.08
0.056
-0.306
0.013
0.273
-0.062
-0.08
-0.057
-0.169
-0.134
0.168
1.097
-0.13
0.146
0.076
-0.122
0.723
-0.103
0.642
0.166
-0.123
-0.004
0.194
-0.094
0.112
0.45
0.203
-0.055
0.024
0.141
-0.416
0.097
0.216
1.643
0.124
-1.148
-0.525
-0.217
-0.015
-0.241
-0.291
0.096
-0.347
-0.028
0.204
-0.203
-0.039
0.247
-0.374
0.291
0.001
-0.197
0.16
-0.451
-0.222
-0.092
-0.009
0.248
-0.088
0.393
0.007
0.155
-0.598
-0.002
0.316
-0.636
0.44
0.148
-0.588
0.284
-1.128
0.278
-0.164
-0.159
-0.195
0.389
-0.467
0.093
0.102
-1.189
0.92
-0.11
0.083
-1.996
0.037
0.077
-0.211
0.727
-0.022
-0.494
-0.025
0.031
-0.102
0.613
-0.746
1.77
-0.017
0.102
0.485
0.684
-0.03
-0.278
0.384
0.521
0.209
-0.036
0.131
-0.232
0.056
-0.256
0.239
0.311
0.157
0.005
-0.074
0.023
-0.063
-0.034
0.254
0.194
-0.197
0.064
0.91
0.669
0.239
0.064
-0.153
-0.176
-0.511
-0.073
0.099
0.056
0
0.208
-0.162
-0.07
-0.197
-0.542
0.085
-0.391
-1.285
-0.112
-0.202
-0.427
-0.563
-1.239
-0.193
-0.04
-0.269
-0.09
0.109
0.507
0.018
-0.006
-0.005
-0.203
0.386
0.707
-0.887
0.234
-0.204
0.003
-0.137
-0.102
0.582
-0.02
-0.279
0.394
0.026
-0.706
0.282
-0.041
-0.087
0.081
-0.22
-0.619
0.406
-0.413
0.007
-0.223
0.023
0.185
0.028
-0.045
0.388
-0.634
0.489
0.406
1.193
0.414
0.902
1.299
-0.34
-0.823
-0.213
0.119
0.306
0.232
-0.071
0.021
0.141
0.104
0.229
0.303
-0.274
-0.286
0.666
0.126
0.105
0.202
0.127
0.101
0.11
0.225
-1.058
0.511
0.024
-0.072
0.341
-0.288
-0.459
0.702
0.157
-0.037
-0.084
0.04
-0.107
-0.019
0.259
0.471
0.442
0.903
0.496
-0.333
-0.398
0.625
-0.393
-0.585
-0.173
0.245
-0.379
-0.916
0.064
0.104
-0.223
-0.293
0.016
-0.104
0.137
-0.09
0.674
-0.108
-0.135
-0.075
0.457
1.635
-0.241
0.064
-0.297
0.517
-0.007
-0.102
-1.065
0.97
0.155
-1.188
0.758
-0.131
0.118
0.004
-0.493
-0.557
0.163
0.408
0
0.116
-0.112
-0.032
-0.047
0.073
-0.721
-0.053
0.387
-0.024
0.157
-0.012
0.119
0.117
0.265
0.207
-0.401
0.029
-0.207
-0.1
-0.139
0.028
-0.068
-0.017
-0.181
-0.157
-0.177
-0.054
0.043
0.088
-0.079
0.123
0.407
-0.261
-0.047
-0.203
-0.086
0.818
0.195
0.545
0.118
-0.062
-0.016
0.203
-0.127
-0.161
-0.381
0.006
-0.468
-0.019
0.546
0.063
0.21
-0.072
-0.132
0.35
0.158
0.253
-0.168
0.145
0.16
0.72
-0.176
0.359
0.025
-0.028
-0.841
-0.002
-0.105
-1.098
0.052
-0.505
0.191
0.978
0.22
-0.007
0.092
-0.659
-1.412
-0.088
-0.15
0.172
0.863
-0.645
-0.66
-0.094
0.771
-0.069
-0.187
0.023
0.19
0.028
0.098
-0.009
0.316
1.246
0.7
-1.033
-1.44
-0.262
0.186
-0.642
1.054
0.146
0.502
0.221
0.002
0.116
-0.885
-0.239
-0.13
0.362
0.806
-0.951
-0.258
-0.213
-0.127
-0.024
-0.043
0.55
-0.321
1.453
-0.267
0.124
-0.08
0.216
-0.554
-0.759
-0
0.303
1.18
0.744
1.052
-0.473
-0.948
0.335
-0.035
-0.043
-0.374
0.146
0.54
0.007
0.164
0.251
-0.629
0.499
-0.12
0.255
-0.034
-0.36
-1.204
-0.138
-0.159
-0.665
-0.942
0.095
0.395
0.486
0.056
-0.442
-0.356
-0.087
-0.037
0.389
-0.21
-0.208
-0.115
-0.033
0.44
-0.632
-0.073
-0.281
-0.455
0.073
-0.426
-1.189
-0.221
0.288
0.153
-0.072
0.71
-0.037
-0.081
-0.082
-0.091
2.483
0.856
0.5
-0.247
0.255
0.077
0.105
-0.891
-0.194
-0.132
2.286
-0.417
-0.246
-0.795
0.214
0.173
0.189
-0.05
0.102
0.059
0.082
0.196
-0.461
-0.037
0.655
0
-0.098
0.436
-0.034
-1.047
0.283
0.056
1.134
-0.179
0.289
-0.14
-0.002
-0.247
-0.254
-0.137
-0.278
-0.01
0.639
0.056
-0.053
-0.204
-0.106
0.783
-0.242
-0.114
0.126
-0.476
0.289
0.127
0.241
-0.056
-1.344
-0.196
-0.08
0.114
-0.112
-0.028
0.018
-0.033
0.116
0.191
0.033
-0.238
0.227
0.449
0.527
-1.363
0.803
0.159
-0.081
-0.102
0.517
0.126
0.084
-0.214
-1.035
0.149
-0.552
-0.345
-1.764
-0.763
-0.582
-0.674
-0.062
0.42
-0.124
-0.134
0.015
-0.294
-0.714
-0.445
-0.807
-0.001
0.655
0.056
-0.016
0.044
-0.36
0.373
0.038
-0.386
0.361
0.192
-0.45
0.162
0.079
0.141
-0.856
0.138
-0.049
-0.168
0.642
-0.249
-0.586
0.076
-0.107
-0.455
-0.038
0.577
-0.391
-0.709
-0.899
-0.199
0.316
-0.39
0.485
0.026
-0.319
0.193
0.007
-0.015
-0.5
-0.418
0.252
0.561
-1.096
0.503
1.013
0.029
0.34
0.538
0.111
0.06
-0.058
0.081
-0.493
-0.221
-0.459
0.481
-0.24
-0.378
0.17
0.081
-0.308
0.281
-0.106
-0.255
0.281
0.84
0.357
-0.264
-0.235
0.151
0.059
-0.059
-0.249
-0.488
-0.336
-0.825
-0.177
0.493
-1.18
-0.335
0.402
-0.446
0.016
-0.66
-0.262
0.088
-0.138
0.236
-0.109
0.063
-0.023
0.005
0.938
0.118
-0.101
-0.862
0.385
0.475
0.024
0.347
0.067
-0.098
-0.226
0.215
0.414
-0.94
-0.201
-1.261
0.31
-0.06
-1.264
0.135
-0.05
0.891
-0.349
0.152
-0.942
0.143
0.383
1.358
-0.99
0.048
-0.182
-0.136
0.448
-0.132
-0.407
-0.33
-0.108
0.241
0.995
-0.003
-0.035
-0.226
-0.753
1.44
0.964
-0.069
0.145
-0.768
0.415
-0.227
-0.112
-0.327
-1.013
0.416
0.356
0.27
-0.331
0.094
-0.168
0.227
-0.187
0.083
-0.129
-0.277
-0.068
0.815
-0.069
-0.533
0.08
0.379
-0.463
-0.441
0.154
0.143
-0.318
0.211
0.007
0.146
0.087
1.36
0.165
0.112
0.928
-0.391
0.639
-0.082
0.244
-0.687
0.13
0.105
-0.08
-0.115
-0.237
-0.298
0.183
0.275
0.233
0.141
-0.272
-0.295
-0.236
0.223
-0.115
0.486
-0.102
-1.217
-0.068
-0.089
0.037
0.44
-0.228
-0.681
0.114
-0.234
0.476
0.054
0.128
-0.349
-0.387
0.475
-0.368
-0.287
0.504
1.134
0.216
-1.007
-0.325
0.433
-0.309
0.597
0.24
0.262
-0.159
-0.162
-1.209
0.071
1.511
0.407
-0.028
-0.215
0.303
0.066
-0.165
-0.405
-1.215
-0.147
-0.336
-0.558
-0.651
0.584
-0.349
-0.506
0.921
-0.155
-0.129
0.144
0.486
-1.059
0.095
0.028
-0.005
-0.315
0.131
1.07
0.623
0.478
0.383
0.273
-0.189
-0.195
1.082
0.988
0.336
0.123
-0.119
-0.055
0.228
0.63
1.525
-0.317
-0.116
0.175
0.117
-0.031
-0.014
-0.016
-0.253
0.376
-0.108
-1.02
0.195
0.05
-0.587
-0.484
-0.861
0.122
0.341
-0.704
-0.044
-0.435
0.712
0.009
0.474
-0.165
0.546
-0.23
-0.275
0.026
-0.206
-0.149
-0.042
-0.865
-0.705
-0.431
0.9
0.279
-0.18
-0.312
0.668
-0.235
1.927
-0.627
0.664
-0.024
-0.166
-0.474
-0.393
-1.227
0.009
0.648
-0.863
0.019
-0.081
0.372
0.477
1.169
-0.392
0.346
-0.204
-1.466
-0.351
-0.494
-0.908
0.237
0.68
0.009
0.138
-1.301
0.007
-0.148
0.144
0.043
-0.093
0.175
-0.066
-1.55
-0.191
0.028
0.059
-0.383
0.179
0.485
-0.891
0.514
-0.2
0.342
0.062
-0.015
-1.849
0.147
0.323
0.254
0.84
-0.265
0.202
-0.439
-0.978
-0.033
0.559
0.172
0.437
-0.174
1.067
-0.038
0.131
0.114
0.806
-0.118
0.146
0.277
-1.232
-0.336
-0.184
0.126
0.622
0.256
-0.392
0.24
-0.432
-0.286
-0.546
-0.791
0.106
-0.236
-0.406
0.949
0.004
-0.203
-0.031
0.023
0.271
-0.111
0.388
-0.126
0.465
-0.195
-0.131
-0.251
-0.246
-1.273
-0.342
-0.027
1.374
-0.845
1.208
0.675
0.095
0.045
0.16
0.015
0.236
-0.016
-0.099
-0.679
-0.079
-0.042
0.271
-0.717
-0.022
-0.09
-0.213
0.317
-0.322
-0.271
0.046
-0.321
0.325
-0.015
-0.031
0.785
-0.184
0.458
-0.253
0.009
0.102
-0.495
-0.027
-0.144
-0.944
-1.117
-0.053
0.285
-0.269
0.326
-0.367
-0.639
0.043
0.582
0.085
0.107
0.139
-0.181
-0.1
0.549
0.624
0.054
-0.078
0.025
0.353
0.976
-0.351
-0.331
0.063
-0.083
0.157
0.025
0.498
-0.388
0.656
0.254
0.19
-0.019
-0.517
-0.959
-1.028
0.246
0.079
0.711
0.148
-0.932
-0.324
0.116
-0.178
0.714
0.336
0.026
-0.12
0.127
0.005
-0.085
-1.325
-0.754
0.211
0.069
0.108
-0.452
-0.266
0.905
-0.05
-0.778
0.328
0.219
0.057
0.204
1.073
0.192
0.182
-0.051
-0.446
0.1
0.202
-0.238
-0.737
0.205
-0.123
0.096
0.604
-0.265
1.059
0.151
0.356
0.075
-0.088
-0.027
-1.444
0.488
-0.18
0.967
-1.049
-0.65
0.812
0.033
0.593
0.101
0.501
-1.046
-0.272
0.172
0.35
-0.309
0.275
1.121
-0.697
-0.002
0.423
0.379
0.63
0.064
0.212
0.542
0.476
-0.205
0.216
0.6
0.75
0.009
0.628
0.487
-0.316
-0.694
-0.101
0.366
-0.492
-0.61
-0.25
-0.678
-1.134
0.001
-0.18
0.105
0.212
-0.072
0.137
-0.341
0.186
-0.231
-0.025
-0.273
-0.131
-0.008
0.074
-0.365
0.726
0.172
0.363
0.889
-0
0.536
0.396
0.07
0.546
0.079
-0.1
-1.106
0.789
0.012
0.067
0.688
0.364
0.181
-0.219
0.16
0.389
0.97
0.006
-1.159
-0.162
0.058
0.657
-0.551
0.067
-0.039
-0.39
1.467
0.739
-0.02
0.321
0.117
-0.265
-0.087
-0.185
0.039
0.267
0.221
-0.453
-0.025
-0.458
-0.175
0.155
-0.964
0.022
0.383
0.297
0.585
0.079
-0.972
0.041
0.067
0.033
-0.117
0.095
-0.002
0.376
-0.224
0.685
0.245
-0.014
-0.746
0.372
-0.233
0.325
-0.118
0.392
0.625
0.092
-0.263
-0.447
0.91
1.334
0.563
0.507
-0.148
0.188
-0.097
-0.105
0.257
-0.577
0.154
0.003
0.004
-0.102
-0.082
0.278
-0.468
0.05
-0.052
-0.049
-0.815
-0.107
-0.058
-0.37
-0.193
-0.86
0.001
-0.346
0.51
0.235
0.016
0.636
0.309
0.437
0.131
-0.258
0.023
0.058
-0.254
-0.071
-0.213
0.252
0.138
-0.182
0.145
0.181
0.224
0.461
-0.284
0.326
-0.928
0.006
0.271
0.444
0.842
0.376
-0.26
-0.48
0.292
0.052
0.127
-0.629
0.125
0.172
0.206
0.6
-0.7
0.637
-0.654
0.005
0.08
0.035
0.514
-0.272
-0.767
0.412
-0.217
1.815
-0.246
-0.184
-0.086
0.664
0.183
0.181
-0.219
0.565
-0.359
-0.415
0.388
-0.119
0.11
-0.119
-0.068
0.544
-0.027
0.653
-0.047
-0.134
0.594
-0.129
-0.156
0.279
0.104
0.641
0.531
0.42
-0.578
0.446
-0.168
1.704
-0.169
0.044
-0.386
-0.137
0.441
-0.225
-0.194
0.413
-0.252
-0.246
-0.412
0.839
0.326
-0.026
-0.017
-0.718
-1.209
-0
0.121
-0.396
0.799
0.147
-0.821
-0.214
-0.006
0.851
0.159
-0.7
0.171
0.099
0.318
1.422
-0.298
0.68
0.535
-0.463
-0.232
-0.171
1.544
-0.288
0.421
0.047
0.476
0.454
0.007
0.151
-0.078
0.522
-0.478
-0.493
0.9
0.39
-0.069
-0.091
0.022
-0.3
-1.599
-0.231
0.109
0.143
0.03
0.373
-0.287
-0.373
-0.136
-0.236
0.707
-0.955
1.369
0.292
0.48
0.121
-0.035
-0.395
0.048
-0.986
-0.574
-0.08
-0.518
0.245
0.227
-0.037
0.243
0.456
1.368
-0.799
0.171
0.306
-0.348
-0.049
0.326
-1.173
0.516
0.028
0.25
0.157
-0.059
0.455
0.388
0.693
0.204
-0.482
-0.573
0.332
0.371
-0.367
-0.414
-0.193
0.094
0.076
-0.13
0.316
0.336
-0.345
-0.466
-0.094
-0.712
-0.124
-0.141
0.468
0.04
0.052
-0.258
-1.113
0.398
0.277
-0.229
-0.231
0.35
0.139
0.38
-0.87
0.617
-0.516
-0.277
0.053
0.054
-0.077
0.078
-0.011
-1.084
0.206
0.378
0.685
0.237
-0.399
0.203
-0.133
-1.014
0.115
-0.057
0.13
0.129
0.981
-0.2
0.073
0.014
-0.329
0.107
0.218
0.189
-0.13
0.197
-0.2
-1.008
-0.165
1.099
0.093
0.102
0.248
-0.198
0.01
-1.214
0.131
-0.312
0.464
-1.87
0.022
-0.003
0.018
-0.08
-0.129
0.195
0.154
-0.173
-0.384
-0.533
-0.177
-0.518
-0.149
-0.821
0.052
0.202
0.047
-0.016
0.079
-0.796
1.032
-0.608
-0.286
0.134
0.046
0.292
-0.186
0.084
-0.116
-0.669
-0.033
0.013
-0.089
-0.657
0.391
-0.194
-0.188
-0.125
0.151
-0.995
-0.169
0.306
-0.35
0.051
-0.521
0.355
-0.709
0.359
1.284
-0.306
0.447
-0.232
-0.473
-0.552
0.361
-0.11
0.251
-0.34
0.319
0.705
0.285
0.36
-0.416
0.276
0.824
-0.618
-0.851
-0.589
0.165
0.121
-0.168
-0.388
-0.326
-0.489
-0.285
-0.312
-0.315
-0.201
-0.241
0.387
0.114
0.38
-0.056
-0.088
-0.133
0.087
1.046
-0.04
0.045
-0.184
-0.549
-0.217
-0.304
-0.675
0.092
-0.349
0.762
-0.122
0.056
-1.129
-0.038
0.31
0.073
0.33
0.809
0.867
-0.13
0.007
-0.217
-0.233
0.239
0.308
-0.151
0.242
-0.598
-0.061
0.15
-0.16
-0.173
0.347
0.571
0.072
-0.018
-0.608
-0.253
-0.28
0.041
-0.168
-0.149
0.497
0.113
0.042
-0.156
0.094
-0.281
0.001
-0.001
0.059
-0.107
0.129
0.041
-0.11
-0.793
-0.798
0.41
-0.584
-0.264
0.276
0.135
-0.455
-0.476
-0.287
0.005
0.214
0.229
0.27
-0.183
0.161
1.341
0.15
-0.047
-0.264
-0.179
0.338
-0.101
0.995
-0.006
-0.859
0.377
-0.389
0.232
0.096
0.247
0.035
-0.194
0.149
0.706
-0.625
0.436
-0.338
0.187
-0.108
-0.024
0.226
0.502
0.251
-0.052
0.712
0.101
-0.031
0.281
-0.111
-0.335
-0.298
0.01
0.808
0.571
-0.792
0.454
-0.261
-0.023
-0.098
-0.085
0.541
-0.033
0.044
-0.159
-0.221
-0.092
-0.707
-0.25
-0.561
-0.579
-0.521
0.368
0.349
-0.503
0.741
-0.479
0.323
0.272
0.333
0.229
0.366
-0.045
0.042
-0.043
0.154
-0.077
1.111
0.364
0.567
0.753
0.1
0.271
-0.064
0.085
0.071
0.219
0.337
-0.612
-0.159
-0.083
0.782
0.33
0.179
-0.055
0.661
0.571
-0.327
-0.343
-0.147
-0.139
0.219
0.035
-0.814
-0.446
0.277
0.043
-0.242
-0.427
0.068
0.37
-0.178
-0.168
-0.342
0.06
0.081
-0.149
0.145
0.217
-0.056
-0.556
0.057
-0.069
0.225
-0.082
0.837
-0.165
-0.353
0.26
0.067
0.187
0.238
-0.284
-0.535
0.102
-0.142
0.994
-0.181
0.111
-0.695
-0.232
0.561
-0.506
-1.024
-0.493
-0.14
0.3
-0.075
-0.11
-0.292
0.26
-0.247
-0.032
0.422
0.106
0.072
0.385
-0.565
0.484
-0.135
-0.646
-0.771
-0.074
-0.04
-0.615
0.054
-0.296
0.008
0.509
0.85
-0.33
0.094
0.203
-0.024
-0.472
-0.143
0.104
-0.122
-0.106
0.422
0.008
-0.022
0.369
0.109
-0.149
0.185
-0.379
-0.172
-0.04
-0.175
0.07
-0.325
-0.026
-0.146
-0.053
0.16
-0.317
0.003
-0.08
0.011
0.015
-0.1
-1.903
0.16
-0.078
0.086
0.138
-0.279
0.742
-0.044
0.222
0.54
0.785
-0.556
-0.078
0.433
0.196
-0.257
-0.294
0.052
0.539
-0.472
0.509
1.658
1.49
0.027
-0.143
-0.121
0.568
-0.04
-0.441
0.019
1.727
0.948
0.216
0.231
-0.22
-0.288
0.174
-0.3
-0.598
-0.076
0.499
-0.08
-0.389
0.159
-0.116
0.781
0.05
-0.218
0.552
-0.088
0.304
0.226
-0.12
0.705
-0.698
-0.416
-1.002
0.035
0.153
-0.035
-0.338
-0.117
-0.376
-0.156
0.665
-0.072
0.089
0.607
0.138
0.401
-0.094
0.298
0.12
-0.337
-0.314
-0.124
0.737
1.007
0.21
1.505
-0.029
0.3
0.486
-0.185
0.193
0.035
