-0.378436
-0.653069
-0.292322
0.247302
0.287278
0.771781
-1.21214
2.44026
1.94107
-3.59328
-0.755126
-0.775385
3.57054
1.4071
-0.87075
-0.0655973
1.55769
-2.35795
-1.0024
-0.127254
-0.352611
0.517089
0.311325
-1.73796
0.460139
0.139576
2.18901
0.747339
-1.60559
-1.51701
-4.74667
-0.822025
-1.33386
-1.32421
-0.22495
-2.00365
-0.894108
0.781741
0.38372
-0.200411
2.30259
-1.04159
-0.292028
1.79571
-2.58108
-1.01504
-0.981024
0.290585
-0.694897
-0.926962
-0.567431
-1.18573
-1.6821
-1.87286
1.63484
-3.4012
-0.269922
-0.958855
-1.63373
-0.37763
-1.72896
-0.179493
-1.58895
-3.95777
2.11129
-1.65323
0.950081
-2.49638
-0.741406
2.97274
-2.1249
1.18724
-1.0127
-0.923565
-5.16555
-2.23888
-0.512118
-2.38123
-0.104578
-1.19599
0.499364
4.7122
-2.44884
-0.940007
-0.926135
-2.23684
-1.46524
0.327687
-1.03358
-1.82706
-0.609307
2.7304
-2.20871
-0.28603
-0.125641
-4.92261
1.5529
0.384074
-1.13873
-1.6412
-0.407054
-2.23955
-1.7437
-1.88713
-3.06549
0.57638
-0.753675
-1.38579
-0.479204
-2.20215
0.102694
-2.47406
-1.66006
-0.400656
-1.54718
-0.563803
-1.41026
-2.5506
-2.24444
-1.14516
0.094954
-1.3718
-1.8529
0.753925
-0.521983
0.110956
-0.393827
-1.74808
-1.74185
-1.11728
-1.8878
-3.69093
-2.86705
-1.71181
-0.0190007
-1.11466
-0.0535615
-1.6661
-0.100861
-0.385973
-1.59064
3.97709
-0.961807
-1.25672
-0.241657
0.0233869
-0.948082
0.528558
-4.84346
-1.94541
-3.50372
-1.53667
-2.03132
-0.60082
0.144845
-0.174746
-3.00595
-1.48036
-1.31685
-0.773572
1.01591
-1.82539
0.832537
0.240435
2.76849
-2.24184
1.07222
-0.774084
-1.82884
-1.4104
2.57736
-2.3214
-0.382118
-3.70705
-0.741937
-0.216109
1.22784
-3.23067
-1.1333
-2.32668
-0.547881
0.111372
-1.38406
-2.35375
0.150996
-0.990409
-0.571356
0.646392
1.8794
-2.99517
-0.677202
1.92396
1.62156
-1.66263
0.500516
-1.31159
-4.04759
-0.2204
-3.58226
-1.90884
-0.98544
-0.727833
3.47465
-1.4816
-0.327786
-2.223
0.0850072
0.0360864
2.72133
-1.40808
-5.34066
-2.96127
0.0905275
-0.783357
-1.09498
-1.40346
-1.08339
-1.51213
-0.682673
-0.980979
-2.20489
0.916291
0.472854
-1.5286
-1.85073
-1.44264
3.18125
-1.42052
0.612138
-0.289421
-1.03986
1.65146
-0.302398
-0.341324
-0.807937
-1.46718
-1.84286
0.111965
-0.354747
-0.458141
-1.49768
0.819899
-2.21706
-0.707853
-0.431912
-0.407195
-0.888967
-2.73994
-1.20746
-1.81156
0.120183
-0.57139
-1.68703
-0.713887
-0.504149
-1.94235
-2.30232
-0.448795
-2.08207
-2.22372
-2.62722
-1.23634
-0.40097
-0.478852
-0.342475
0.264589
-1.07079
-0.236781
0.440473
3.42679
-1.69246
-1.04373
0.196853
-1.10436
-0.301955
-0.806944
0.786508
-1.2655
-1.27244
2.42775
0.181462
0.0659981
-0.89381
-0.446623
-1.70355
-0.116753
-0.92052
-0.045733
-0.248124
0.35948
-1.16705
0.198648
-2.58313
-1.35577
-0.424499
0.0742406
-1.61841
-1.29674
0.642875
2.65089
-0.990199
-0.334198
-2.25304
0.372675
-3.58743
-0.528823
-0.013185
-2.2313
1.01667
-2.3897
-1.22645
-2.22776
-3.04485
-0.682579
-1.87522
-0.653137
-2.29468
-1.50814
3.66589
-1.21307
1.53556
1.12393
-0.55195
-1.95565
-0.56664
-1.20427
0.504026
-0.219054
-1.03378
-1.39555
-1.94151
0.471653
-0.101829
-3.73913
0.800305
-1.48921
0.611381
1.45267
-1.05626
-0.843807
-0.951042
-1.46156
-0.902028
-0.186304
-2.48601
2.19219
-1.50972
0.926654
-2.05935
-2.4019
-1.1805
-0.213794
-2.38261
-1.0851
-1.57684
-0.912726
-0.0963087
-1.49634
2.07678
1.77796
-0.0593095
-0.504828
-2.85148
-0.0645385
-2.05839
-0.707073
0.306316
-6.50174
-1.09626
-1.26629
0.244291
1.3074
-0.636428
-1.65166
-1.681
-0.925748
-1.20709
0.589334
-0.191973
-0.993234
0.386097
-2.71723
-2.19583
-3.13165
1.93164
-3.57518
-1.31724
0.22952
0.490715
1.07518
0.669936
-4.86938
0.115069
1.73808
-4.61115
-0.483609
-2.05097
1.02917
-2.66842
-0.915367
-2.10337
-0.488156
0.0755513
-0.934051
-2.76064
-0.412845
-1.37737
-4.27944
-1.0027
-3.26675
-0.466286
-0.738268
-2.76254
-1.31934
-1.96604
-3.25686
-1.86711
-1.19952
-3.66033
-1.37724
-1.11764
-2.09096
0.232446
-0.279696
-1.11756
-3.70314
0.738238
-0.462218
-1.30409
-1.90138
-4.4006
-1.31026
-1.26904
-5.28492
-1.35965
1.03407
-2.86641
-0.254338
0.419081
1.49165
1.84217
-1.1949
-2.9836
-3.81037
1.32504
0.902005
-1.42419
-1.53458
-1.73496
-1.5763
-5.46701
0.00709582
0.233021
-0.148942
4.15333
-1.89735
-0.993053
-1.31607
-1.02746
-0.585808
-1.94737
0.222605
-0.240514
0.705558
-1.74047
-1.27224
-0.693147
-0.97606
-0.977106
0.0219015
-0.848841
-1.01642
2.08812
2.53154
-0.528908
-1.20274
-0.961607
-0.415295
0.272258
-1.10366
-0.736994
0.261365
-1.47291
-1.98783
-1.28136
-3.34686
0.431571
-2.1715
-2.33961
-0.000910747
-2.19227
2.88052
-1.87746
-1.22795
0.0531058
-1.24458
-0.0044346
-0.89178
-0.995392
-1.337
-4.66092
0.305382
-0.547211
-0.299121
-0.46079
-1.03718
-0.599488
-0.45869
-0.296148
-2.47717
1.04222
-0.522704
-2.97524
-1.73819
-1.23969
-1.68056
-4.2311
1.48284
0.94089
-0.963949
-2.40445
-0.476409
0.452867
-0.191357
-0.797603
0.359701
-1.89157
-1.65809
-0.75436
-5.74428
-1.10404
-1.83227
-2.44268
-1.65477
-0.822085
3.12579
-0.0104043
-1.77521
0.074963
-1.64976
-0.484436
1.09585
-0.814962
-1.33362
-0.327697
-0.276183
-0.355186
-0.996561
-1.67345
-4.1616
-2.52322
-2.06978
0.0472608
-1.3031
-0.0583397
-2.03988
-1.75838
-2.66521
-1.05713
-0.752892
-3.04829
-1.9874
-0.784928
-0.793631
-1.44502
0.398887
0.520007
0.3439
-3.14082
-2.56178
0.337525
2.47848
1.55035
-0.35831
-1.27592
-2.2484
-2.79334
-3.56483
1.44947
0.775922
-0.230289
-0.0782374
-1.50867
0.128852
-2.30803
-0.372193
-0.62352
-0.127987
-0.710307
-0.955511
-2.07218
0.401539
-0.0665386
-2.13189
-0.164634
-3.06312
-0.108591
-1.29611
-0.795358
-1.3833
-0.798119
0.142248
-3.28189
1.32432
-0.292869
-0.743127
-1.40174
-1.69679
-3.85729
-4.10942
-0.529337
-0.814233
-2.2666
-1.17762
-4.52047
-1.11188
-1.9287
-1.50595
-1.61837
-0.942534
0.923459
2.40736
-0.973645
-0.24558
-3.68857
1.26779
-0.108301
0.857728
-2.60239
-0.0913498
1.03828
-1.90888
-3.1782
-1.15281
2.45869
-1.09416
-3.50324
0.0151301
-1.1974
-0.185968
-0.882867
-0.0373504
-0.050394
0.0407033
-2.69897
-2.75188
-2.04969
-0.978685
0.553885
-3.20614
-2.65503
0.488652
-0.638363
-1.06116
-2.70574
-2.57216
-0.665648
-3.21621
-1.90269
-0.346362
0.0480461
-0.371449
-0.370599
-0.720884
-0.493171
-0.129479
-0.109562
-4.286
0.936981
-3.58266
1.48185
-4.1624
-5.36991
-0.606042
-0.490751
-0.218662
-0.351442
-1.27474
-1.29473
-1.0163
-3.10495
1.91762
-4.42108
-1.17175
-0.817817
-1.36754
-1.58428
-1.1959
0.870265
-0.953912
-0.446287
-1.02803
0.530628
-0.993707
-0.441601
0.128653
-0.15378
1.40195
-1.90402
3.46574
-3.75809
0.383111
1.3162
-0.849769
-0.857896
2.8622
-0.969765
-0.619342
-1.86313
-0.0191699
-0.850454
-0.0835641
0.446804
-0.343679
-0.152656
-0.925727
-0.373799
-1.78273
-2.83752
-0.832237
-1.68668
-3.90744
3.15779
-0.455691
-2.17132
0.137665
-0.956826
-0.416747
-1.80304
-2.37329
-0.686143
-0.807492
-0.546279
-3.13119
0.0421115
1.97292
-0.448807
-0.207924
0.662809
-1.11064
-4.10473
0.052166
0.248896
1.78712
-4.26513
-1.33069
-2.35716
-3.68387
1.03709
-2.46403
-2.91338
-0.809818
1.87514
-3.33175
2.57323
-0.926992
-1.58045
1.33279
-5.24932
-4.01718
-3.5619
-1.72885
0.142082
-0.554415
-0.77063
1.27785
-1.2349
-0.0588405
-3.62175
-1.91195
0.595456
-1.3066
-1.76104
-2.37398
0.44903
-1.9258
-0.563549
-0.136396
0.80908
0.507715
-0.158467
-1.65403
-3.48147
-1.6202
-0.0617377
-2.19796
-3.88734
0.319168
-1.31611
-1.89231
-2.6003
-1.30055
-0.730502
1.86075
-0.030446
-1.37483
-0.225018
0.348376
-1.0612
-0.418408
-2.98887
0.540965
-1.5538
-1.49037
-3.73556
-2.43643
-1.08983
-0.73858
-1.35261
-3.62345
-2.31238
-0.828225
-1.94183
-0.128116
1.74699
-1.55629
-1.58184
-1.98954
1.27353
-0.428887
-2.24284
-0.417113
-1.77777
-2.00687
3.157
-0.0509111
0.647434
-1.16196
-4.73356
-1.85191
-1.88472
0.597837
2.77155
0.391567
1.15268
-1.40118
-1.34103
-1.09861
-0.224216
-2.05172
-3.12738
-2.43092
-1.84186
-4.11446
2.70238
-0.625527
-0.683454
-1.72223
-1.78401
-0.96333
-2.59603
0.775668
-2.06371
-0.96561
-0.943072
-2.7077
1.05368
-0.37837
-0.775047
-2.23198
-0.539473
0.439252
-1.03208
-1.31286
-2.11171
-1.41738
-1.40485
-3.25033
-0.596137
-0.613898
-0.534533
-2.6206
-3.37368
-0.760897
-6.42292
-0.34142
-0.177072
-1.83919
-0.860573
-2.14208
3.96625
1.96611
-1.12052
-0.704072
-0.0252673
1.01912
-1.20482
-3.25013
-1.11849
-1.78629
-0.419692
-1.10731
-1.01029
-0.167458
-1.4816
-2.98773
-3.42721
-2.26275
0.88812
-3.14415
-2.06113
0.0391837
-0.374447
2.27592
-0.00276116
0.7918
-2.91336
-1.7649
-2.57852
-2.89342
-2.71496
-2.45413
-2.25564
-0.581682
-1.28367
-0.167112
-1.52584
-1.07575
-4.06406
-2.59242
-1.31337
0.316191
-1.20397
0.00913248
-1.34445
-1.67276
1.00851
-1.14942
1.48092
-2.00902
0.500199
-0.425346
-0.809437
-0.79248
-5.04832
-0.680299
0.418167
1.1179
-0.307674
-2.0372
-0.946318
-0.0421934
-0.719123
-1.75378
-1.87062
1.55245
-1.45739
-2.17786
1.29541
-2.74034
-0.696173
-1.75202
-2.09767
-1.49913
2.41903
-1.12009
-0.91688
-1.41273
-0.116027
-1.58741
0.209792
-4.68658
0.223144
-0.950244
-1.2584
-1.32566
-2.54952
-1.08981
-2.56934
-1.22459
-1.03517
-1.08067
-1.80008
-1.21147
-0.404978
-0.430078
-1.68387
0.434101
-0.42903
0.643177
-1.64126
-0.520733
-0.412264
-0.214324
-3.87241
-1.57246
-0.731934
-0.272799
0.611061
-0.91373
-0.514622
0.46877
0.182073
-0.950155
-2.06197
-0.198613
-2.21025
-4.70366
-2.84418
-0.949178
0.977613
0.563446
-1.73656
-1.07121
-0.935951
-0.539931
-0.912144
-1.49069
0.0785355
-1.64094
-2.38763
1.02689
-0.836399
0.356013
-0.918614
1.71013
-1.25089
-0.360791
-0.745404
-0.431585
-1.09827
-1.2891
-0.26937
-0.900686
-1.14795
-0.617837
-0.463224
1.8148
0.0443246
0.545431
-1.15981
-0.268072
-1.87052
3.51368
1.10389
-4.51481
-1.30942
-0.265013
-3.00577
0.194015
0.202759
0.970541
-3.40529
-2.36426
1.67095
-1.38793
0.330699
0.508092
-1.96244
-0.705823
-1.56539
1.81686
-7.05272
-1.71306
-2.61429
0.418307
-3.73454
0.176485
3.31419
-0.754382
-1.35536
-5.23963
-0.890886
-2.74067
-1.67796
-0.73257
-0.921952
-2.49859
-1.42016
-1.37743
-2.80321
2.78245
-0.578092
0.342823
-0.844872
-0.354723
-0.916925
-0.349962
-1.7935
-0.028733
-4.5388
-1.46894
-3.02646
-1.11881
-1.01479
0.439852
-2.00519
0.669277
0.6757
-1.97282
-0.329928
-1.82508
1.79954
-0.414859
-2.706
-2.87574
-1.85139
-1.62596
-3.9395
-1.80349
-1.12872
-1.13953
-0.608431
-1.64832
-1.22579
-3.04081
-0.537708
0.0831504
-1.86362
-0.297407
0.328361
0.0622623
-0.960541
-1.87627
-1.72727
-0.621861
0.0486207
-0.347927
-0.811724
-1.29342
1.4153
-0.264658
-2.62071
-1.28722
-1.26762
-3.63797
-0.661433
1.74989
-1.08374
-1.39868
-2.864
-1.39075
-0.861059
-0.427578
-0.802565
0.0479677
-3.09234
-1.67195
-1.44002
-2.99533
-0.961873
-0.693147
-0.655529
0.0209903
0.961729
0.22039
-3.36913
-0.260495
3.98434
-1.90622
2.11854
-1.05659
-3.59291
-0.382992
0.805914
-0.841236
-0.504443
-0.439507
0.312743
0.0673017
-1.35427
-2.20518
-1.51611
-1.56245
-1.51505
0.0469536
-1.0783
-0.545078
-0.858068
3.38934
-1.47784
-1.36222
1.49732
-0.875469
-1.47629
-1.38864
-0.0427111
2.74955
-1.5881
1.14862
-1.49863
-1.75427
0.130023
-1.14773
-0.990603
-1.83051
-0.733294
0.0159936
-2.00806
-0.737526
-1.2796
-1.5384
-1.14442
0.0334224
1.89956
0.235143
-0.556564
-1.56892
-1.39532
-0.505065
0.440125
-1.46543
-0.648628
-3.76242
-0.207126
1.70222
-0.981849
-2.30152
-0.927319
-0.350064
-1.73695
-2.02151
-1.03152
-0.74214
-1.73882
-1.7717
-0.762417
-0.520776
0.999745
-2.31416
0.398592
-0.634307
-1.38294
-2.30523
-4.37701
0.0892481
1.96745
-2.22373
0.562397
-0.881978
-1.63064
0.998529
1.72179
0.206614
1.7165
-1.64609
-1.38063
-0.596106
-2.7234
-1.13576
-2.14475
0.69209
0.77097
-1.89477
-3.84023
-3.61782
0.115178
0.704607
-3.08104
-2.31571
2.23514
-2.53193
-1.02758
-1.62717
-2.22847
-1.57475
-0.355393
-0.577979
-1.93751
-0.800438
-0.531341
-0.145095
-0.242276
-2.63418
-0.594218
1.73176
-1.40355
0.648281
5.8768
0.403958
-2.63151
-1.89156
-1.91139
0.654454
-0.644945
-2.03421
-1.28479
-0.8146
-1.34003
-4.68337
-1.21316
-1.46207
-1.46568
-4.75856
-1.42129
-0.207365
-1.79795
-0.109353
-1.62306
-2.3666
-1.23713
0.18602
-0.460051
-0.790539
-4.46243
-2.82647
-1.93323
-2.38837
-1.04027
-1.76675
-2.90142
-1.24718
-3.42777
-2.04968
-1.24748
-1.88005
-0.889393
-1.17815
-1.19159
-4.35163
-1.98086
-0.00349583
-0.439318
-0.337064
0.916291
1.41485
-1.41942
0.78226
-2.85532
-3.26268
-0.107392
-3.74042
-0.0892826
-0.518149
-0.385804
-2.92101
-0.262364
-0.701147
0.905192
-0.567768
2.38036
-0.736207
-0.424375
0.245979
0.294584
2.33953
-0.749389
-1.53654
-4.10363
0.42616
-0.788457
1.03796
-0.124764
-1.84554
-1.64371
-0.986663
-1.95817
-2.37378
-0.326216
-2.1664
-1.81073
6.66992
-2.28493
-0.71391
-1.13534
-1.21008
-1.45193
0.7292
-6.80391
-1.89147
-1.40817
-1.21866
-1.31089
-1.75111
-4.24671
-1.14127
-0.110149
0.442957
-1.07578
-0.220927
-1.2161
-1.87155
-1.77715
-1.72563
-0.819899
-1.38176
-0.156651
-0.356897
-1.80565
-1.32564
-0.863937
-3.15416
0.473019
-1.07952
0.745221
-4.17172
-2.48082
2.60568
0.528785
-2.01719
-0.983771
0.41388
0.45302
1.75072
0.182094
1.85909
-0.256855
-0.416427
1.60432
-0.911777
0.492197
-4.05357
-1.10846
-2.51672
0.30351
0.507786
-1.07735
-0.0885534
0.268606
-0.985734
-1.7789
-2.54644
-3.21053
-4.05226
-0.749132
-1.50669
-0.560409
-0.389256
1.79176
-3.98875
-1.72178
-1.63849
-1.41043
-0.111697
0.0171986
-2.15006
2.227
-1.19954
-1.83657
-0.43419
-0.873099
1.19453
-1.72255
-1.43819
-1.78394
-0.435412
-2.30456
-0.816558
-0.15887
-1.9763
-4.33044
-2.6404
-0.6151
-0.907471
-2.46705
-0.883566
-0.165969
0.330156
-1.52438
-4.94318
-1.81784
-2.1596
-1.01032
-0.895225
1.39349
-0.693147
-0.443374
-0.587299
-1.64238
-2.9386
-3.04897
0.348707
-1.05565
-0.459932
1.57867
-0.616607
-0.740366
0.907992
1.06289
-1.33349
-0.955511
-1.63457
-1.34275
-2.43315
-1.02386
1.81011
0.200237
-1.16323
0.0454624
-1.25964
-0.67541
-1.30355
1.3384
0.889134
-1.92181
-0.942043
-4.3018
1.02998
-1.23628
-2.32383
-1.44354
0.0417694
2.3121
0.753543
-1.28364
0.514107
0.721585
-0.721877
1.73007
-1.41462
-3.00087
-3.66712
0.235957
-0.777821
-0.978919
0.182322
-2.20564
-0.529597
-1.40387
-2.05815
-3.39313
-0.895493
-3.68219
-1.47202
0.998846
-2.5013
-2.54455
-0.0828059
-3.86031
-1.35709
-5.02177
-0.579522
-0.316059
-4.34096
-0.439126
-1.27939
-1.91787
0.833294
-2.68749
-2.29134
-0.818013
-1.18372
-0.965671
-7.74758
-2.59809
-2.478
1.05655
1.01212
1.14124
-3.22106
-3.65332
3.33542
-0.872476
-0.785042
-1.31164
-0.95016
-1.71084
-1.19047
-1.25899
-3.6075
-0.8296
0.255347
0.281915
0.560049
-0.0945373
-1.08678
4.09434
-0.226773
1.18752
-0.197161
-0.724507
-1.5449
-1.48432
-0.0200293
0.616595
-1.4707
-1.80002
3.01724
-2.7491
-2.8989
-0.36189
0.806137
0.11112
-2.91568
-1.60812
0.529978
-0.987947
-2.88787
-0.224417
0.553483
-2.87456
-1.1094
0.217664
-0.772236
-1.44355
-3.22737
2.17897
-0.360044
0.572126
-2.82679
-2.1084
-2.59789
-0.566856
-0.613704
-2.02268
-0.696427
-0.589817
-1.48054
1.59521
-0.185717
-0.347298
-0.868809
-0.456092
1.83807
-1.51993
-0.867176
-0.460871
-2.63607
-0.831121
0.31977
-1.54959
-0.982688
-2.28299
-1.0903
-1.11919
-0.0501897
-0.968936
-1.08293
-1.94823
-0.942368
0.523365
-1.90638
-0.7682
1.45596
-1.06102
0.406134
0.487674
-1.9748
-5.43445
-0.790179
2.76468
-2.12076
-1.01671
-2.63333
-4.83902
-1.51101
-0.690202
3.12926
-2.00917
-0.870049
-1.10226
-1.14718
-1.19243
-1.22524
1.05915
1.73105
-0.176574
0
1.48764
-1.0887
-0.122358
0.903712
-0.303807
-0.376038
0.106716
-0.470674
1.54197
-1.03129
-0.959844
-1.18773
-3.1812
1.1179
-0.703941
-2.18823
-3.32851
1.51056
-1.67703
-3.44933
-2.55302
-1.43621
-1.68154
-1.44398
-0.162519
-3.79345
-3.42948
0.170914
-4.15567
-1.98242
0.145026
-1.25352
0.86548
-0.925047
0.602257
-2.60282
-3.11526
-0.448415
0.183837
-1.55263
-1.64058
-0.971929
4.12919
-1.64196
-2.7043
-1.90512
1.83928
-0.998657
1.02042
-1.15941
0.340927
-4.53008
-1.28687
-2.24878
-2.03354
0.119812
2.18211
-0.803495
-1.92813
-3.2499
-2.56409
-1.50302
-2.2311
-0.597003
-0.528447
-0.898762
1.80889
-0.945896
0.0196085
-0.0833508
-0.41136
-0.417909
-2.85894
-1.04584
-0.802805
-0.870094
-1.56072
-1.76701
-1.52049
0.529518
-3.33264
-6.55977
0.163888
0.0533184
-1.18268
0.181309
0.651176
-0.280089
-1.89524
-1.65529
-2.0206
-0.25388
-0.599104
-1.34802
-4.04076
-1.22517
-3.19607
0.43713
-0.968445
-1.73204
-0.56366
0.591721
-0.724769
-2.47534
-1.95404
-1.37823
1.92534
1.56523
-3.62072
-1.69298
-1.10858
-1.53585
1.45915
-1.82904
-0.658186
-1.5607
-1.32243
0.427056
-0.589943
1.81697
-2.15926
-0.33479
-0.561794
-0.709021
-1.54092
-0.970419
1.17103
-0.0530178
-0.890488
-5.05699
-0.563958
-0.917088
-1.1506
-1.52147
-0.207942
-1.4183
-1.53969
-0.163771
-2.37158
-1.11674
-2.13819
-2.98752
-1.5102
-0.706818
-0.40045
-2.20827
-0.93563
-3.74913
-0.870558
-1.19405
-0.608492
0.366576
0.542972
-1.84467
1.58312
-2.04706
-2.76883
-1.78833
-1.61182
-1.56862
-2.26373
0.486353
-0.599998
-3.92866
-2.49507
-1.31296
-1.36857
-0.419862
0.421547
-3.14403
-4.19785
-0.9884
-2.31764
-1.1305
-0.208712
-1.46108
-1.77611
0.547443
-0.848624
-1.63074
-3.56514
-1.51505
-1.74405
-2.08897
-1.75606
-1.07103
-0.411946
-1.22285
-0.838375
-2.28801
-1.90053
-0.0498801
-0.81685
-1.20783
-0.71806
-0.217615
-1.62526
1.46297
-1.03465
-2.29841
-0.695119
0.662334
-2.02456
-2.10109
1.12739
-2.83514
-1.62535
-3.16044
-1.40907
-2.00413
-1.47967
-1.90031
-1.28375
-3.75823
-2.77918
-2.13893
-1.53564
0.304974
-3.33079
-0.265108
-0.0239532
-0.381525
-2.4645
-0.406396
-3.45082
-1.8627
1.17889
-0.838151
-1.10323
-1.33756
-0.823129
-0.718766
-1.70779
-1.36555
-0.327557
-2.95188
1.15372
-1.46004
-2.79995
0.338221
-4.00788
1.13071
-3.39907
-1.24331
-4.25832
3.84143
-3.4877
-4.44233
-3.76399
-2.05565
1.93856
0.696828
-3.10084
-0.804278
-2.3908
0.625056
-1.32106
-0.290403
-3.26306
-1.48812
-2.33744
-2.42709
-1.71289
-1.55148
-1.82945
-3.65642
-2.85846
-0.730652
-2.47989
0.279909
-1.95038
-5.33661
-2.39174
-1.88168
-2.02944
-1.51217
-0.609766
-1.76608
-1.27883
-0.291481
-1.65511
-3.73556
1.89029
-0.914714
-0.125025
-1.32285
0.564577
0.212003
-2.62754
-2.19463
0.279643
0.904374
-2.49483
-0.929536
2.02746
-0.998167
-1.15123
-1.03312
-0.498874
-1.246
-1.42705
-1.16933
-0.489274
1.35812
-0.604395
-1.43733
-1.45838
-0.828137
1.39457
-1.95637
0.551404
-1.91228
-0.674496
0.771676
-1.32914
-1.86849
-0.159394
-2.92346
-0.629724
-1.56295
-0.408968
-2.39143
-0.756738
-1.77477
-1.60092
-1.23329
-1.35564
-0.850009
-2.71591
-2.22468
-2.50393
-3.48251
-1.9351
3.2063
-3.7313
-0.812555
-0.548057
-3.75301
-2.68425
0.276404
0.19457
-2.00346
-0.778711
-2.02123
0.502422
-2.32839
-1.91516
-0.107219
-2.57081
-2.8966
0.872568
-0.999746
1.92231
-3.75701
-1.74176
-4.29095
-1.967
-1.77358
-2.68102
-2.62582
-1.28131
1.27899
-1.40857
-1.31
-2.94233
-0.970343
0.053204
-2.42019
1.42712
-0.715883
-3.18832
-2.01963
-1.17303
0.24871
0.676509
-0.845229
-2.34061
-1.40035
-2.6198
0.0188157
-1.80888
-0.704298
0.33771
-0.369319
-4.1239
-0.824396
-1.87174
-5.52923
-1.18175
-5.54455
-0.155366
0.0212774
-1.48245
-0.74245
0.0166209
2.5022
-3.268
-0.353744
2.93424
-2.20056
-1.24235
-1.29971
-1.34468
-1.3093
-0.498303
0.871339
-1.37176
-2.23872
-1.09712
-1.6948
-3.1048
-1.62446
0.855666
-0.42719
-0.719323
1.67911
-1.32626
-0.267789
-0.869309
-4.26855
-1.57919
0.253935
0.970949
-2.01803
-0.998484
-2.15944
-3.05555
-0.240133
-1.5131
0.318302
-1.84747
-4.09305
-2.9614
-1.10522
-1.97336
-1.93217
0.455843
-1.05629
-1.0866
-0.254676
-1.16073
1.68742
0.152596
-2.87082
-1.58314
-1.1037
-0.218572
-1.61074
0.384005
-2.12942
-1.32741
-0.0605241
-0.237866
-1.26829
-1.94878
-0.115459
0.357405
-1.91524
-2.62002
-0.116866
-3.01975
-1.829
-1.20602
-1.3289
-2.90537
-1.30288
-1.41118
-0.426574
-0.506064
-1.28782
-1.25946
-0.860801
-1.19428
-2.25714
-1.16971
-0.841207
2.4048
-1.65064
-1.30746
-2.65706
-1.62749
-2.10179
-3.03606
-0.391444
-0.280902
-0.425289
-1.98408
-2.42048
-1.99863
-0.187599
0.581957
-0.48858
-0.393447
1.08537
-2.06165
-1.39108
-2.39725
-0.694516
-0.559198
1.97304
-0.585068
-0.337607
-1.00251
-0.917464
-0.540384
-1.30319
-0.2693
-1.10378
-0.396881
-2.29236
-1.09861
-0.80332
-1.6659
-2.65801
0.30386
-3.28512
-1.11808
-0.749927
-0.827613
-1.02397
-1.2664
-2.35157
-2.43625
-1.09861
-0.104497
-2.28691
0.49811
-0.561994
0.624012
-0.542003
0.177408
0.311112
-2.22419
-0.146404
-0.813304
-1.27409
-2.14914
-4.4371
-0.737664
-1.62918
-0.140063
-1.56862
-3.53764
-1.39672
0.931361
0.266866
-0.522067
-1.55984
2.48936
-2.38913
-1.95368
-1.09416
0.32348
-0.963623
-1.8798
-1.94646
0.146799
-1.16168
-1.68725
-1.25788
-1.56309
-1.28606
-3.49511
-0.287957
-3.4539
0.341266
0.540918
0.00773423
-1.22494
-1.1846
-0.725937
-1.56057
-1.15605
0.884611
-1.53126
-0.130597
0.560709
-1.40811
0.229383
-3.43708
0.175168
0.541155
-0.224454
-2.37854
-1.74455
0.360977
-3.40167
-0.530502
-1.04888
-2.74052
-3.24634
1.70212
-0.451871
-0.839897
0.505863
-3.26194
-1.87071
0.498742
-0.606337
-0.523051
-2.44858
2.45212
-0.256682
1.43633
-1.1564
-2.42676
-3.09498
-3.32262
0.850041
2.23126
-2.34056
-0.784662
-3.34995
-0.363008
-2.57396
-3.27809
-2.64039
-1.61282
1.96611
-0.437634
0.189128
-4.25373
-1.72395
0.365032
-1.84068
-2.28157
-1.4458
1.30406
-0.919814
0.875335
-3.15362
-3.43579
-1.57949
-1.44493
2.25839
-1.4295
0.727957
-3.13095
-3.89444
-3.2707
-2.34652
-1.82354
-0.661254
-2.76085
3.60824
-1.95284
-1.05371
1.35138
-1.4816
-0.968982
-2.75881
0.619459
0.160319
-0.41383
-1.59533
1.30819
-0.38766
-1.6625
-1.18912
0.426084
-0.765866
-3.51946
-1.48106
-1.68294
-3.10664
-0.501343
-2.75255
-1.56821
-1.43698
-2.92567
-2.57583
-2.24399
-1.46704
-2.09365
-1.67975
-4.13668
-1.63092
-0.907468
-1.1711
-1.74684
0.927063
-0.37763
-0.589469
-1.22867
-2.80686
-2.61829
-0.791865
-1.7935
-2.76946
-0.701881
-2.31192
-0.78607
-1.6864
-0.975387
1.9786
1.76694
-2.15853
-0.0210014
0.28011
-1.61739
-2.23427
-2.12504
-0.761858
-0.875469
-2.50617
-1.10163
-0.857354
-6.38283
-0.795214
0.691325
-3.11307
-0.191624
-3.99369
0.808077
-1.72562
-2.5468
-2.24491
-1.03466
-1.58282
-1.67984
-0.386895
-0.618274
-1.09546
0.440044
-2.81269
-0.177479
-3.93325
-0.238032
-1.10126
-1.17539
-1.25381
-4.46294
-3.11694
-0.6127
-2.58793
-1.49261
-1.07102
-1.16647
-2.3087
-0.614625
-1.30601
-0.429474
-0.314825
-2.0664
1.50345
-0.600774
-0.657358
-1.5294
-1.68539
-2.72868
0.553662
-1.36208
-2.59763
2.4756
-0.380899
-1.15329
-1.93364
-0.356036
1.00293
-3.34742
-2.28409
-3.06195
-2.11274
-0.519675
0.67142
-0.310306
0.140077
0.957626
-0.705341
-1.47106
0.354746
-1.36239
0.0875981
1.44972
-0.534082
-1.55442
3.23868
-2.38487
-2.63093
-0.428017
-2.91003
-0.729853
1.89712
-0.996508
-1.76179
-2.77209
-1.39993
-4.42445
-2.73403
-1.60379
-1.1485
-2.55714
-2.46207
-2.109
-0.548821
-2.78188
-1.53345
-2.70258
-0.147954
-0.652905
-0.566088
-3.14584
-3.421
-2.13501
-2.22818
-2.72121
-3.98826
-4.3447
-0.875737
-1.12174
-0.561143
-1.64838
-1.81684
-1.21761
-3.49294
-2.16045
-0.162903
-0.162979
-0.282548
-1.32312
-2.61921
-1.14978
0.842432
0.386173
-3.1096
-5.31996
-1.28822
-1.90659
-1.15126
-0.992672
-2.55518
-1.76292
0.578419
-1.51092
-0.166146
-2.28503
-0.461141
-2.75487
-1.57122
-2.7191
-3.52386
-1.60745
-7.10468
-1.85256
-2.64859
-1.03316
-3.37247
-2.23482
-2.39372
2.8242
-1.6967
-0.376746
-2.90935
1.86367
-3.23267
-2.68717
-1.84512
-3.68473
3.16279
-1.54625
-2.2067
-2.27489
-0.698038
-0.428093
-3.68869
0.161893
-1.43071
-1.7375
-1.26515
-2.71797
-4.48053
-1.38841
-1.19212
-0.0276834
-3.81403
-3.00368
0.38149
-1.55442
-1.97724
-3.49418
-2.62495
-0.543259
1.84372
-0.956971
-2.00195
1.27476
-0.758965
-0.54199
-1.69598
0.103467
-3.4136
-1.06541
-3.23601
-1.77605
-3.25611
-1.60308
-2.68132
-1.63452
-3.88877
2.56434
-1.11605
-1.03357
-0.912912
-0.521842
-1.30495
-1.66244
-0.728625
-1.91087
-7.26557
0.328009
-1.79023
0.0136607
-2.20166
-1.06485
3.24519
-3.72184
-2.61932
-2.24457
-0.514511
-2.54575
-3.12536
-2.45173
-2.38547
-1.71648
-1.11328
-3.52042
-0.441384
-1.2011
0.912825
-3.34486
-2.2255
-1.21294
-3.04047
-1.14161
-0.63175
-0.694639
-2.58969
-2.69635
-0.16166
-3.12097
-0.83319
-3.65405
-1.92843
-4.02348
-0.721752
-0.17191
0.166856
-3.21304
-2.37744
-1.61287
-1.71966
-2.62052
0.185388
-1.44963
-1.01374
-3.87987
0.877422
1.41661
0.213545
-0.849574
-2.2883
-1.09315
-2.1194
-0.517386
0.31314
0.602928
-3.4081
-1.72863
0.199945
1.13331
0.986755
-1.54439
-1.9365
-1.8857
-1.21711
0.866189
-1.9968
-2.1071
-1.36523
-3.49134
-2.64214
-1.27416
-0.979896
-1.44849
-1.03437
-2.21637
-1.43477
-3.03495
-1.3683
-0.548184
-1.8085
-2.59087
-1.37724
-0.569993
-0.662253
-0.254427
-0.201216
-1.87146
-4.5795
-3.06752
-3.21513
0.178813
-1.39565
-0.853555
-1.09018
0.533921
-0.639151
-1.91176
-4.10125
-1.76999
-1.09913
-2.38005
-1.63133
-2.61515
-2.68727
-0.151102
-3.67652
-2.43926
-0.75332
-5.60458
-3.23184
-2.52939
-0.801887
2.78782
-1.3633
-2.34044
-4.34829
-3.41511
-0.315917
-0.72967
-3.98374
0.64822
0.811995
-3.58312
-2.27085
-2.24402
-0.528351
-2.36896
-3.09893
-0.371564
-2.52448
-3.03146
-1.18834
-0.941989
-1.47488
-0.331167
-1.26467
-1.19616
-2.18466
-2.08064
-2.14142
-1.70468
-0.480179
0.542736
-0.436691
-2.42675
0.494296
-0.163764
-0.847266
-3.63285
-1.08181
-1.26833
-2.28927
-3.0055
-6.27165
-1.26857
-1.64054
-1.61404
-0.574866
-1.39211
-0.379664
-4.14421
-0.799757
-1.19112
-3.34785
-2.14328
-1.14194
-0.793447
-4.5398
0.291066
-2.33736
-1.95637
0.23049
-2.82412
-3.26077
-2.36245
-2.38701
3.04523
-1.84806
-0.448509
-0.500116
-1.34373
-1.41741
-1.01956
-1.76447
-5.13294
-1.47381
-0.760087
-1.11075
-3.5249
-1.62478
-1.82152
-1.72239
0.673274
-1.92086
-2.38605
-1.21775
1.0798
-1.24814
-2.50658
-2.70286
1.30335
-2.74221
-0.973037
-1.53361
-0.832988
-1.77322
-1.68982
-1.15964
-2.95936
-3.16273
-3.66392
-1.35883
0.658183
-1.4122
-1.20755
1.21718
1.50122
-0.482979
-1.58954
2.51088
0.0476846
-3.42539
2.3939
-0.679073
-4.90386
-0.237551
0.968354
-2.42799
0.368495
-1.97061
-1.74121
-1.70983
-1.8718
-0.178632
-1.03667
-2.332
-1.16069
0.528598
-0.98453
-1.29886
-2.33415
-1.67475
-0.670541
-2.4352
-1.29071
-2.47912
-1.27522
-3.05246
-4.86697
-2.7047
-2.46972
-2.07651
-1.33374
-2.54838
-3.2343
-2.38498
-0.95829
-2.56647
0.809803
0.872367
1.81191
-0.239996
-0.877894
-2.81229
0.30237
-1.59303
-1.44958
-1.67101
-0.263097
-3.30895
-3.01884
-0.517029
-2.9209
-1.36152
-5.03565
-1.43158
-0.50084
-1.03215
0.161175
-1.97524
-2.9867
-3.72286
-1.39022
-1.57636
-1.23459
-1.38537
-2.0754
-0.599632
-2.49973
-0.537411
-2.11475
-1.41554
0.182662
-1.80664
-6.41477
-0.60158
-3.03007
-0.741492
-0.038913
0.210721
-2.40159
1.40226
-1.97207
2.83009
-3.52243
-2.71577
-0.407163
-2.69262
0.0289875
-1.76126
-0.2948
-2.61365
0.373283
-3.93971
-4.80671
-2.72172
-2.23396
-3.65517
-2.41553
-0.398599
-1.95842
-3.77195
-1.47907
-2.94312
-2.26962
-0.83601
-1.35866
-1.25205
-2.43514
-0.867921
-3.05316
-1.76863
-0.251314
-3.28412
-0.243212
-1.31058
-2.14521
-1.81735
-1.09033
-1.76378
-1.76005
-1.23154
-0.585235
-2.84039
-3.96449
-0.0207509
0.260783
-0.498893
-0.889617
-0.872859
-1.76971
-6.67885
-2.06492
-1.9748
-1.02577
-4.09059
-1.51692
-1.21017
-0.87409
-1.58227
-3.11858
-1.22553
-1.05953
-2.72721
-1.27207
-1.31233
-1.38071
-2.71067
-5.04194
-1.65765
-1.10789
-2.49643
-2.56027
-2.41258
-1.48976
-1.68541
-1.39669
1.13988
0.139319
-0.242965
-1.43201
-0.882195
-0.760147
0.514363
-1.62339
-3.92857
-2.0825
-0.942178
-0.955115
0.7244
3.14677
0.480276
-3.27068
-1.41493
-2.41377
-0.938751
-1.12695
-1.00601
-1.58028
0.678433
0.676811
0.475734
0.331234
-3.06715
-0.942386
-2.02285
0.121642
-0.777963
-1.11093
-0.537746
-3.87437
-1.78176
-2.86024
-2.20737
-1.01584
-4.14542
-2.01294
-1.96503
-2.55485
-3.40584
-1.98116
-2.85581
-3.86297
-2.04966
-2.09107
-2.36223
-1.20735
-2.05371
-3.52492
-2.27454
-2.44837
-1.24761
-1.12443
-2.05454
-1.31144
-0.55276
-1.51876
-0.892377
-4.84838
-2.30591
-0.791076
-1.39276
-3.16125
-2.17262
0.263417
-2.87741
-1.08895
-1.26246
-3.89971
-3.63483
-1.7774
-0.660731
-4.88027
-0.706051
-3.6856
-1.93661
-4.16821
-3.98603
-2.79086
-3.012
-1.49496
0.0414934
-3.57086
-1.73181
-0.609479
-5.48022
-0.913774
-3.97305
-1.98251
-1.44958
-2.15656
-1.69449
-0.0808521
-1.68834
-2.74563
-0.37669
-3.5885
-2.23827
-0.147203
-1.1
-1.94738
-0.253319
-2.83706
-0.405355
0.756845
-2.41228
-1.35194
-3.35596
-1.59569
-1.47921
-2.47747
-2.3068
-2.02127
-1.64205
-3.01611
-3.37624
-2.9325
3.20521
-1.99779
-1.79128
-3.02411
0.307885
-3.20131
-1.76435
-0.387977
-5.77425
-0.612064
-1.32143
-2.14443
-2.83366
-0.642209
-4.06454
-1.56251
-2.32176
-1.24319
-3.70868
-3.28681
-4.32996
0.101911
-1.79234
-1.70469
-2.09245
-3.6238
-3.15614
-2.81538
-5.33163
-1.35087
-1.04754
-3.59405
0.0972339
-1.77004
-1.60656
-3.55145
-1.68931
-1.96901
-1.3545
-2.06225
-2.10906
-1.02457
-1.50874
-1.93539
-0.501125
-4.85444
0.238892
-1.83493
-3.00871
-0.703859
-2.17254
-1.61779
-3.73375
-1.64659
-1.32847
0.310624
4.02629
-1.67469
-1.85401
-4.56552
-1.11795
-1.34414
-0.156402
-0.873383
-2.99233
-1.14089
-1.298
-2.31063
-2.92591
-1.67554
-4.04705
-2.75557
-4.21582
-1.02962
-5.29122
-1.61876
-2.12774
-1.24957
-2.27956
-2.33533
3.34566
-2.45444
-0.682661
-1.27397
-1.95268
0.598137
-0.417913
-0.817285
-3.85764
1.30165
-2.10443
-2.07386
2.66952
1.34574
-0.804343
1.3312
-1.18886
0.429523
0.679729
-2.22274
-4.21223
-0.668773
-2.28826
-1.78459
-1.89606
-0.267794
-2.30868
-3.9362
-1.19134
-0.038302
-1.13926
-0.568346
-2.00159
-0.0511315
-4.07831
-4.68693
-2.89153
-6.7319
-2.20318
-1.02537
-5.12832
-1.60168
-2.97778
-0.778196
-2.65785
2.59148
-3.73944
-2.24086
-2.12159
-0.794208
-2.05743
-0.772285
0.513068
-3.75711
-0.185267
-1.16999
-0.631368
-2.14192
-1.02743
-0.428846
-2.20908
-1.59904
-1.65294
-2.08645
-0.503213
-0.441545
-0.507675
-3.7262
-0.064307
-1.133
-2.90818
-2.83403
-1.36305
-1.63788
-4.73473
-1.64708
-2.91414
-4.27075
0.268537
-1.3387
-2.19165
-1.86304
-2.04779
-3.23574
-2.92876
-2.12731
-3.88268
-2.84367
-2.81611
-2.15527
-2.06239
-0.288165
-2.00395
-2.46953
-1.16277
-2.10752
-2.24752
-1.60969
-0.869451
-2.76075
-6.62428
-2.70292
-0.889709
-2.45495
-2.40949
-0.366272
-2.29649
-1.49388
-3.30664
-0.671583
-2.45943
-1.20886
0.65501
-2.83079
-4.29955
-2.07271
-3.61677
-1.26855
-2.25065
-4.53793
-2.72365
-1.56886
-1.5006
-5.16938
-5.05921
-0.879407
-1.83122
-2.12786
-5.71092
-1.14963
-6.80092
-3.48983
-2.35873
-1.35927
-1.51898
-1.8676
-3.57473
-0.561744
-2.09583
-1.57168
-1.06922
-3.70574
-5.39391
-0.91761
-1.78485
-2.65808
-1.31127
-1.8563
-3.08191
-3.17132
-1.44756
-0.240895
-1.60513
-4.92315
-3.52509
-1.55006
-0.949158
-2.06621
-3.6408
-1.33979
-2.39252
-2.7491
0.184275
-1.32059
-1.18718
-4.02238
-1.64465
-0.967994
-1.74991
-1.20173
-1.15308
-1.61884
0.176312
-0.855528
-7.31982
-0.966765
-3.71914
-3.00598
-2.59948
-2.03127
-0.968157
-2.8637
-1.60057
-0.168544
0.0386789
-4.57777
-1.35093
-1.53506
-3.23297
-5.85266
0.729226
-2.93589
-1.85701
-1.10224
-0.964208
-3.65333
-1.32574
-1.64697
-1.05183
-0.939781
-2.23759
-4.53457
-4.17833
-3.75729
-1.611
-2.41155
-2.09972
-3.70854
0.0791373
-3.43387
-1.61493
-1.21763
-2.24291
-2.06478
-1.597
-1.27008
-2.08337
-1.42266
-3.41884
-1.5616
-1.42275
-1.69649
-2.38933
-0.570154
-1.61641
-3.72168
-0.0590167
-1.55212
-4.56793
-2.36599
-3.01583
-3.32448
-2.81219
-2.30845
-1.12741
-1.77653
-2.26447
-3.72465
0.108269
1.21262
-4.43096
0
-2.98402
-0.147041
-3.23045
-2.28469
-0.521186
-2.15466
-2.48059
-6.45282
-2.82309
-2.00377
-2.84363
-2.64729
-1.80332
-1.79741
-0.421498
-2.09717
-2.91961
-4.37799
-3.08079
-0.965882
-2.56186
-2.11198
-3.27404
-1.29345
-3.45714
-3.02558
-1.97479
-0.902973
-1.13814
-1.45188
-8.56779
-1.7348
-2.69202
-3.83376
-2.32329
1.10683
-3.2588
-1.65008
-0.445253
-3.17791
-2.96289
-3.55267
-1.87334
-2.13189
-4.06454
-2.53992
-1.6062
-4.04364
-4.11265
-2.68581
-0.107549
0.00499862
-1.37762
-3.32504
0.503104
-2.72929
-2.27139
-1.88896
-4.44549
-5.10376
-1.25871
-3.37497
-2.16113
-1.10613
-2.51407
-1.72501
0.345821
-5.4195
-3.14986
-0.838039
-1.21444
-4.79103
-1.66305
-0.9613
-2.46529
-3.72949
-2.76887
-2.01626
0.359349
-4.74855
-1.75733
-2.68257
-2.25189
-1.85123
-3.27665
-1.3255
-1.68173
0.306123
-2.42243
-1.64999
0.00820256
-2.07944
-2.19257
-3.50549
-5.5694
-1.2068
-2.66526
-3.38838
-2.97603
0.734866
-0.605892
-3.77297
0.048296
-1.04352
-3.05834
-0.758787
-2.51735
-4.56694
-2.726
-3.61608
-3.28621
-4.27802
-0.421155
-1.72823
1.78473
-4.55121
-3.54599
0.772268
-1.27396
-0.812472
-2.37907
-2.20279
-2.18765
-2.33281
-1.63006
-1.14361
-3.01795
-2.49439
-2.30086
-5.59451
-2.64585
-2.2916
-1.61683
-1.98349
-4.57132
-2.34996
-3.56074
-2.58309
-1.35288
-2.81512
-2.83693
-2.90049
-1.9164
-2.73407
-1.42115
-2.27929
-2.28811
-2.64366
-5.00642
-1.22205
-2.60543
-1.40456
-4.19488
-3.6511
-0.562903
-1.78885
-2.67182
-1.79078
-2.16855
-3.41747
1.12564
-1.4924
-3.46516
-1.43145
-1.60539
-5.88525
-2.00065
-2.69775
-3.79885
-1.21743
-0.396731
-4.1936
-2.44916
-3.83836
-4.3179
0.528943
-1.98555
-0.243024
-2.08571
-3.74969
-4.69262
-1.11952
-1.94998
-4.09332
-2.034
-5.80498
-1.15187
-2.98967
-1.35165
-2.01858
-1.85758
-2.86458
-1.09775
-2.08144
-1.63689
-0.330561
-2.39466
-3.82902
-3.08746
-2.48732
-2.41295
-6.54209
-3.34934
-5.08087
-4.9168
-2.42557
1.54071
-2.31845
-1.63678
-1.82261
-3.3198
-2.42198
-2.03414
-1.80529
-2.36314
-1.05193
-4.22179
-2.16867
1.25962
0.794858
-4.71467
-2.18428
-0.0670555
-2.45881
-3.67564
-1.93298
-0.777194
-0.682826
-4.4176
-1.74569
-1.96932
-0.306174
-1.43059
-2.27704
-0.311065
-1.09544
-0.681477
-1.75124
-2.9543
-0.764212
-2.92837
-5.54583
0.536267
-3.37321
-0.873594
-0.871958
0.507359
-2.68222
-3.37209
-1.7898
-1.93972
-2.70538
-2.01921
-1.67854
-3.63531
-4.43543
-3.03418
-5.86215
-2.23769
-1.9192
-1.45382
-2.26215
-1.94456
-2.74912
-2.91844
-1.16107
-2.15822
-1.81024
-3.40589
-3.92767
-1.35739
-2.01374
-3.55296
-3.86384
-1.44283
-1.08047
-1.57564
-0.945767
-3.03129
-0.789755
-0.457052
-2.32692
-2.1952
-1.80877
-3.36458
-4.39793
-3.04692
-4.87891
-3.08342
-0.497059
-0.767026
-2.20264
-1.27063
-4.03956
-4.64341
-3.19646
-4.10945
-0.587787
-1.13941
-2.74067
-0.878763
0.105361
-6.18927
-1.58485
-2.40886
-2.72734
-1.39061
-2.95143
-0.977825
-3.88994
-2.89335
-2.02684
-3.28091
-0.199534
-3.54139
-3.03893
-3.5154
-1.90829
-2.67306
-3.09329
-5.88238
-4.70295
-1.02186
-2.34831
-0.106558
-3.19178
-1.13916
-2.0535
-3.53122
-1.92699
-3.039
-1.59533
-1.3086
-1.63874
-4.1357
-3.43753
-3.47226
2.45674
-1.51146
-4.46924
-1.86162
-4.22644
-5.33023
-3.03742
0.714512
-3.46809
-2.93538
1.5753
-1.73731
-2.52127
-2.34001
-2.27511
-4.43659
-2.49279
-0.283185
-1.44745
-0.528543
-4.77828
-2.0483
-3.40561
0.189119
-2.82446
-1.50776
-2.32821
-3.1595
-2.39554
-4.88972
-2.40204
-1.3864
-2.03527
-2.55804
-2.27625
-3.04714
-1.55463
-3.29526
-1.85691
-1.98613
-2.12887
-1.52315
-4.26855
-3.61915
-2.75899
-0.416577
-2.10168
-1.64728
-6.3104
-3.14457
-2.06902
-5.26042
-4.50452
-1.05914
-4.48785
-0.953543
-2.21068
-2.56874
-5.46741
-7.47817
-2.36805
-2.34236
-7.30346
-4.44265
-1.86329
-2.9706
-1.46303
-3.00206
-2.77502
-1.3066
-0.892748
-0.856412
-0.801283
-0.572519
-2.87036
-1.77658
-1.49455
-1.04975
-4.44569
-1.7516
-3.3963
-1.79391
-1.75279
-3.13403
-2.72661
-3.34644
-3.74442
-2.71528
-1.89132
-2.3904
-1.85966
-4.63594
-2.39323
-4.51478
-3.81812
-6.61904
-1.011
-3.39078
-0.738425
-4.58229
-3.374
-2.04633
-3.22612
-3.97632
-3.5112
-3.27629
-1.57973
-1.85936
-7.33397
-2.94974
-1.59612
-3.75193
-3.70774
-2.75792
-2.88546
-1.72162
-2.31047
-2.07705
-2.38876
-2.1694
-2.42316
-1.27217
-2.50841
-2.13313
-3.6571
-3.6087
-1.7706
-2.38696
-2.44472
-1.63977
-2.45962
-1.38523
-2.5017
-4.42862
-1.89397
-1.88065
-3.45879
-2.76889
-1.78334
-2.43058
-2.18105
-2.56528
-0.738514
-3.87674
-0.994188
-1.81123
-1.54512
-5.257
-2.18821
-2.70308
-2.56373
-1.77005
-2.75273
-3.33253
-2.85995
-5.38092
-3.09622
-1.36382
-2.30902
-1.82909
-2.5033
-4.90735
-0.357299
-2.03285
-1.47235
-6.78708
-3.66547
-0.883016
-1.59277
-1.34035
-2.02841
-2.86437
-1.91572
0.627236
-3.71
-2.43311
-6.35357
-5.59275
-2.11266
-1.85454
-3.75459
-3.90598
-4.025
-2.67746
-4.3741
-3.2664
-3.46886
-1.99155
-4.2955
-0.97338
-2.48167
-2.99241
-2.37265
-4.82542
-2.09073
-3.15114
-0.836145
-1.75091
-2.9292
-5.09003
-1.2924
-1.33621
-1.97778
-1.60568
-3.61037
-3.14996
-1.49989
-4.42687
-3.89043
-1.60678
-1.04256
-7.41847
-3.50805
-2.55645
-3.32497
-3.50267
-2.82326
-2.49668
-0.303009
-4.55911
-1.39455
-0.787148
-1.33625
-2.81776
-4.17984
-4.18297
-3.52708
-1.8078
-6.06337
-2.79217
-2.99038
-2.42344
-1.78857
-7.18281
-3.88172
-2.95707
-2.54012
-1.71284
-2.5205
-3.23594
-1.30669
-2.2995
-1.84122
0.275735
-3.16362
-2.7452
-4.17423
-2.25605
-1.52308
-2.81591
-3.07744
-5.03904
-3.97356
-2.84509
-3.89449
-1.3238
-1.93442
-3.56686
-3.20542
-2.01617
-4.80041
-2.23767
-2.7214
-1.29135
-3.10213
-1.0052
-2.15194
-5.82879
-3.35579
-1.93889
-1.9702
-1.90271
-3.18994
-2.56826
-2.22499
-2.33337
-4.10197
-4.80838
-3.8791
-3.96263
-1.59912
-2.18523
-2.84678
-1.55548
-2.24315
-2.97399
-1.81017
-2.34297
-3.31444
-2.49078
-1.34387
-1.82621
-1.65583
-1.37453
-1.52597
-1.75403
-0.269852
-1.24657
-3.77879
-1.83755
-1.77791
-5.28429
0.522268
-4.85016
-3.15595
-2.84228
-2.21405
-3.25287
-1.39845
-1.2474
-2.7925
-1.62446
-4.28145
-2.69735
-2.15433
-1.66977
-2.63536
-4.95092
-3.52258
-3.40359
-2.3087
-4.37626
-2.79941
-3.08508
-2.43313
-5.79125
-4.06682
-2.74509
-3.83902
-4.77931
2.0963
-2.05287
-3.13016
-4.654
-5.93755
-0.918038
-2.91187
-2.42463
-1.49483
-2.05888
-2.823
-5.1853
-2.41401
-5.06304
-2.72811
-3.15595
-3.49492
-3.98709
-2.8099
-2.21181
-1.95069
-2.26999
-3.88411
-4.42469
-1.8131
-2.09136
-2.23811
-1.09556
-4.41705
-3.06676
-3.63993
-2.33539
-4.63189
-3.60575
-3.08622
-2.40872
-2.75385
-4.60017
-2.45342
-2.71502
-4.07275
-4.42061
0.294079
-1.45981
-3.24415
-2.2236
-1.29044
-2.84457
-2.89298
-1.84464
-1.89836
-4.29022
0.106903
-4.76883
-1.29221
-3.01849
-3.80444
-2.7682
-1.52025
-3.12125
-0.262271
-4.09452
-2.48353
-2.78762
-3.22746
-3.01787
-1.65344
-3.7603
-5.75553
-1.91021
-1.94124
-1.5112
-2.43298
-3.30502
-1.47943
-2.43227
-2.25636
-4.18472
-3.21979
-4.07357
-1.88
-2.01941
-6.09438
-1.45109
-2.24866
-3.29082
-2.45946
-3.34885
-4.13251
-2.86288
-2.5986
-2.64186
-4.1956
-1.86634
-4.47632
-4.55406
-3.0565
-2.29387
-6.75401
-1.83704
-1.14357
-2.4501
-8.30912
-5.30944
-1.95189
-3.43264
-0.0692288
-1.95804
-3.93481
-2.10409
-2.83391
-1.25218
-2.61641
-1.99319
-4.26259
-3.362
-3.99471
-3.34215
-1.78731
-6.64688
-4.21574
-2.7959
-3.04031
-2.63969
-2.05808
-3.52444
-4.83728
-2.27884
-2.50621
-2.06983
-2.92565
-2.12268
-1.84309
-1.60519
-3.6209
-3.40538
-1.39768
-2.28901
-2.07834
-5.50356
-0.771304
-2.7502
-1.88466
-2.82901
-5.47296
-1.86298
-4.03538
-5.08131
-3.16458
-2.73948
-2.76403
-1.61481
-1.94937
-3.53802
-2.71368
-3.34929
-6.60403
-2.33793
-2.75724
-3.19134
-4.77264
-0.731394
-3.50871
-2.48874
-3.2556
-3.81834
-3.35867
-3.40978
-4.12592
-4.01011
-1.20389
-3.13105
-1.98687
-2.33987
-5.0352
-5.12589
-4.2274
-5.21736
-3.35858
-1.7293
-6.78428
-3.72964
-4.13868
-4.31566
-1.88634
-4.49414
-3.18839
-3.96998
-2.34718
-3.72166
-1.99653
-2.61851
-2.46601
-4.25481
-2.67759
-4.17597
-3.67794
-5.65578
-1.55637
-2.34887
-1.8482
-3.60302
-6.7789
-3.76782
-4.13141
-2.69328
-4.18647
-4.24073
-3.38955
-3.0623
-1.97333
-1.42593
-2.29814
-4.07826
-1.91195
-4.11125
-4.21911
-3.4379
-1.20866
-5.99653
-3.94762
-0.727117
-4.93491
-2.40761
-3.53858
-1.91714
-2.01185
-3.66427
-2.16091
-1.70958
-3.85992
-3.12428
-2.94823
-1.68429
-4.17812
-1.37323
-2.80355
-3.66805
-1.5012
-5.13984
-3.36796
-3.18771
-1.50501
-1.97833
-4.6348
-2.8216
-2.65691
-2.34019
-3.93579
-2.70983
-1.86844
-4.4238
-5.54953
-3.75648
-2.99915
-1.6405
-1.65427
-2.64849
-4.97868
-4.22961
-1.42402
-1.19867
-2.2372
-4.77828
-3.04342
-4.26352
-2.75526
-3.80295
-2.14215
-2.91882
-2.68114
-4.61759
-2.28782
-2.98079
-2.91354
-2.94363
-3.71986
-2.60497
-4.05849
-2.7135
-2.00952
-2.45394
-3.88719
-2.60889
-5.43005
-3.08031
-3.56596
-3.59122
-3.11503
-3.1417
-3.15516
-3.89926
-7.80564
-2.75118
-2.19621
-3.28998
-4.10363
-1.80725
-1.90746
-2.12192
-1.42452
-2.81754
-2.21916
-1.93204
-2.45141
-2.95159
-1.98845
-2.65393
-0.703673
-2.78635
-2.53239
-3.66524
-2.20437
-2.56774
-3.04943
-2.34227
-2.75671
-2.19181
-2.95729
-1.79232
-2.65586
-4.78868
-3.32959
-0.473023
-4.23319
-1.33201
-3.62816
-2.8487
-3.12816
-5.08131
-2.85624
-4.84148
-3.12755
-1.69401
-3.23414
-4.04206
-2.36689
-3.58001
-5.9565
-3.24556
-4.17573
-4.83553
-4.26053
-3.77832
-2.01099
-1.12978
-2.49562
-3.58407
-4.53125
-2.74716
-0.54379
-3.33086
-3.69454
-3.16663
-3.81892
-3.41829
-3.76677
-2.43866
-3.13146
-2.25337
-3.1151
-2.87557
-1.22133
-1.84196
-3.11597
-4.48529
-3.43593
-4.19971
-3.98242
-2.91444
-1.62428
-6.1353
-3.18966
-1.95267
-3.12069
-2.07448
-2.70991
-4.04357
-3.37217
-3.21599
-4.73388
-2.37066
-2.7826
-5.47455
-4.23604
-5.41639
-2.98055
-5.05791
-2.70404
-4.04416
-3.71818
-4.25937
-2.62747
-2.50617
-2.11101
-3.75113
-3.12712
-4.04247
-1.86258
-2.1386
-3.02491
-2.17285
-3.23698
-1.65314
-3.24373
-3.28256
-3.82999
-5.00697
-4.60582
-5.02177
-1.44927
-2.4301
-3.42059
-3.84959
-1.70006
-2.94502
-2.35881
-2.84745
-2.44187
-1.45641
-3.82904
-4.39343
-1.80052
-3.08369
-2.92565
-1.25035
-2.42486
-6.1088
-0.338816
-3.22825
-4.11925
-3.68296
-2.63681
-1.90531
-4.00871
-3.12503
-2.15798
-3.68359
-1.96672
-3.15183
-2.46506
-3.0977
-3.9066
-3.01358
-4.66668
-1.01409
-4.18829
-3.9895
-3.48533
-4.45897
-4.24656
-3.28023
-1.45386
-1.37671
-2.42119
-2.48163
-3.57933
-4.83168
-3.89803
-2.83838
-1.65294
-3.85738
-1.67418
-2.88968
-1.39722
-3.26014
-2.62531
-1.83928
-4.0963
-4.09945
-3.63505
-1.69918
-2.32241
-5.3294
-2.93314
-4.53558
-4.00352
-1.296
-3.15589
-3.5339
-2.50829
-3.7163
-4.28547
-2.76031
-7.04139
-2.38795
-3.28301
-2.77682
-2.18058
-1.5693
-3.13242
-4.02229
-3.72151
-3.63527
-3.28905
-3.39219
-3.28162
-4.59789
-3.61276
-3.48951
-2.95519
-3.11886
-4.80392
-2.00485
-3.9325
-4.65818
1.43456
-4.47991
-4.57335
-2.92769
-4.01202
-2.89079
-2.36363
-2.27935
-2.96873
-3.59433
-2.68871
-1.36259
-3.62174
-2.72372
-6.32131
-2.19279
-3.21005
-3.61715
-2.60634
-3.00279
-3.67359
-3.49182
-3.22692
-5.91053
-4.98404
-5.75962
-2.50214
-2.41012
-4.02892
-1.95809
-3.32969
-1.50372
-6.94469
-2.49813
-3.88313
-1.74047
-0.927087
-2.26186
-2.86337
-3.37836
-3.38499
-4.3898
-4.2529
-0.840746
-2.49256
-1.71777
-2.81109
-3.58225
-2.08801
-3.36468
-5.83474
-2.30014
-3.72736
-3.36847
-8.52011
-1.66997
-2.45897
-7.62191
-2.49191
-1.91241
-2.29761
-3.81154
-2.84967
-3.02445
-1.9978
-5.23068
-4.59017
-2.71387
-1.08508
-1.75084
-2.45115
-2.93515
-4.08588
-2.32545
-3.97303
-2.44885
-2.19937
-2.71033
-7.73962
-4.28073
-3.56488
-4.54095
-4.8142
-2.53148
-3.09213
-3.71314
-2.30058
-2.40718
-3.08144
-5.65463
-2.5882
-8.75498
-2.47793
-2.63985
-3.82819
-4.9536
-2.63865
-2.18198
-4.77686
-2.84239
0.0160217
-3.29387
-1.14282
-4.03003
-2.03901
-2.12528
-3.19183
-3.99204
-0.485508
-4.77019
-3.16946
-2.01871
-1.94742
-1.83877
-2.68509
-4.55713
-5.38415
-5.18589
-2.87972
-3.47022
-3.53006
-2.07502
-2.20396
-2.69246
-4.54571
-2.72027
-3.24175
-3.32549
-3.80677
-4.95051
-3.11285
-3.67853
-2.92139
-2.93276
-2.58936
-2.37654
-5.00272
-4.26776
-5.05406
-3.20806
-5.06073
-3.73397
-1.98264
-3.73336
-3.73567
-4.02432
-3.50945
-3.45111
-2.75891
-3.60139
-3.13885
-5.01587
-4.30271
-3.04774
-2.48382
-4.12277
-5.02129
-2.63629
-2.81729
-3.48857
-5.1392
-2.27784
-3.39605
-1.0876
-2.39714
-3.34721
-3.0513
-3.13855
-3.05121
-3.46293
-2.96794
-3.95588
-1.13889
-2.88912
-2.5591
-2.93193
-3.34128
-1.88909
-7.90364
-3.39613
-4.87327
-2.57201
-4.38767
-3.69442
-5.16998
-2.75364
-6.787
-5.98844
-3.6943
-3.67087
-2.10993
-2.81833
-5.12326
-1.9445
-2.42424
-2.37093
-4.47161
-1.61627
-4.81952
-5.24672
-3.18414
-3.20435
-2.23792
-3.97054
-2.64179
-1.32934
-4.3656
-6.67576
-2.15806
-1.95036
-2.64579
-4.0887
-2.64825
-2.03457
-3.893
-1.57556
-5.62113
-3.14466
-2.88996
-4.27708
-3.45316
-4.32411
-3.32861
-2.98568
-2.84506
-2.34697
-2.80343
-3.47298
-2.96068
-3.84822
-0.766896
-3.33587
-2.54475
-2.87094
-4.50398
-4.04695
-3.59009
-3.7737
-4.12967
-2.21002
-5.60278
-4.01965
-2.89971
-2.62287
-4.021
-2.50273
-3.9948
-3.11186
-2.75493
-4.25512
-2.17573
-4.15121
-4.35543
-2.57068
-3.58137
-4.17352
-6.10959
-3.79002
-2.88938
-2.94076
-3.40283
-5.45895
-2.80532
-3.17747
-3.00579
-5.07921
-2.77328
-5.53564
-0.9591
-4.95169
-1.81339
-3.54008
-2.01738
-3.98117
-2.86907
-3.60764
-3.62043
-4.62089
-2.74232
-4.40459
-3.68033
-3.9662
-2.51046
-4.51678
-2.98309
-3.95389
-2.30797
-3.90579
-6.17388
-3.60168
-2.29826
-2.94264
-3.75909
-2.69721
-3.68821
-7.78684
-4.3874
-2.75992
-1.89823
-4.25047
-6.49114
-3.32026
-2.21032
-1.99228
-3.27282
-4.54898
-3.28392
-4.51633
-2.71505
-3.59785
-4.64963
-2.74458
-3.68701
-5.96503
-2.06474
-3.98312
-3.21782
-4.63476
-4.04939
-5.78675
-3.515
-2.445
-3.57182
-3.84412
-4.43852
-4.10108
-4.00998
-2.80575
-3.1597
-2.485
-3.88683
-4.15008
-3.08391
-3.22347
-2.8061
-5.56867
-5.02404
-6.21851
-2.40987
-2.85575
-3.88385
-4.29735
-5.74726
-3.89771
-2.96024
-3.06525
-2.82719
-2.7106
-7.90175
-2.9899
-4.39183
-2.69182
-2.83419
-3.08133
-1.17341
-3.3422
-2.34766
-3.53296
-2.9885
-2.71709
-3.87635
-2.93582
-4.34297
-3.9055
-4.94075
1.61517
-5.74662
-3.80947
-6.76723
-5.32203
-2.26126
-1.97744
-1.14632
-3.12683
-3.28148
-3.37357
-3.22217
-3.28085
-2.54581
-2.07729
-4.52254
-3.56321
-2.71152
-4.03886
-1.34918
-2.87774
-6.45247
-2.81902
-5.95266
-2.34448
-2.77027
-3.08387
-3.39746
-2.88064
-7.85787
-3.61091
-2.85232
-3.43752
-4.11044
-3.34884
-1.48512
-2.52164
-2.23317
-3.33627
-3.38339
-2.02883
-4.29546
-0.622484
-4.42529
-2.41782
-3.62966
-2.39527
-3.38923
-3.94679
-3.84081
-3.16796
-4.46597
-4.81078
-5.98976
-3.45601
-4.50406
-4.8652
-3.08652
-4.48809
-2.22537
-4.78646
-2.54696
-2.77078
-3.48058
-2.98444
-4.60962
-3.91178
-3.21322
-4.11598
-3.23062
-3.03601
-4.62016
-1.75463
-4.21879
-2.88646
-7.21586
-3.80074
-2.73351
-3.15249
-4.02971
-2.29633
-6.33902
-3.92771
-2.78258
-5.86677
-4.46855
-4.77158
-4.09364
-2.0775
-6.02367
-4.35528
-3.44136
-3.55266
-2.58687
-4.67591
-2.24506
-2.4556
-3.72525
-3.1334
-8.72674
-2.83309
-4.19608
-3.70386
-4.02139
-6.0115
-5.92818
-1.81866
-5.33738
-2.42014
-3.56409
-5.44292
-3.64646
-8.84072
-3.32172
-2.9464
-8.49391
-5.11553
-3.04915
-2.26137
-6.16493
-4.15395
-7.35084
-3.60655
-3.90729
-4.89645
-5.06708
-4.46993
-3.49673
-3.9408
-5.92103
-3.35546
-5.65503
-4.58824
-2.36529
-5.40446
-5.6162
-3.08646
-4.63865
-5.51092
-6.47625
-3.23379
-4.52429
-3.6251
-3.33641
-4.51592
-3.47642
-5.04269
-2.23094
-3.21621
-2.52616
-5.54933
-4.17571
-4.98767
-3.54112
-5.14971
-4.76488
-5.87173
-3.81859
-3.99155
-1.93995
-2.93297
-3.98225
-3.72365
-2.39886
-2.4021
-4.18362
-3.96238
-4.58927
-5.06216
-3.58675
-4.9382
-3.90387
-3.497
-4.03222
-6.92116
-3.12416
-4.85776
-3.27146
-5.22027
-2.49241
-4.19745
-5.77225
-2.20165
-2.87873
-4.59854
-5.84469
-3.31766
-4.23544
-2.22346
-3.85557
-4.84005
-3.36156
-2.66304
-3.93841
-4.72048
-6.47455
-4.19117
-2.85972
-2.90142
-2.38908
-3.58832
-4.6677
-1.64557
-2.44235
-3.74804
-3.0623
-3.37949
-2.60756
-3.17301
-4.34395
-5.43137
-3.42057
-2.55308
-4.72812
-4.48578
-2.58196
-2.7034
-6.10873
-4.21913
-4.44377
-4.06696
-4.12175
-4.5798
-3.07478
-2.53198
-3.78678
-2.61418
-5.92726
-2.28561
-3.65314
-6.48203
-5.46158
-2.32144
-3.32351
-3.75325
-4.41275
-5.07257
-3.3301
-6.48553
-4.74276
-4.2906
-2.04958
-3.89554
-2.94355
-4.58074
-2.28283
-1.68062
-3.72747
-3.8459
-2.52232
-3.74742
-5.9288
-4.30666
-4.85984
-6.90464
-3.01969
-5.65231
-3.45765
-5.30823
-5.84821
-4.79931
-2.98535
-5.55704
-4.37543
-3.13101
-3.7364
-5.92637
-3.90882
-4.13916
-3.84329
-5.35606
-2.72954
-5.70992
-2.59056
-3.7232
-2.11091
-2.66327
-3.58459
-3.46728
-2.64839
-6.11829
-3.61228
-5.05818
-3.79094
-2.02756
-3.65729
-2.06204
-3.81446
-6.15968
-5.07146
-7.1836
-6.8928
-5.14879
-4.00997
-3.97246
-3.73077
-5.91234
-2.90836
-5.12391
-4.72053
-3.09758
-3.13631
-5.97633
-3.11416
-4.09455
-6.91442
-5.36727
-3.62973
-6.98467
-4.65956
-2.52105
-1.95351
-4.4701
-3.30136
-3.90681
-3.92758
-3.29296
-2.4212
-5.01793
-5.01995
-4.40148
-3.53006
-3.39444
-3.3238
-4.11431
-5.78525
-4.31824
-6.18007
-3.4101
-2.55605
-4.71113
-3.01711
-2.08903
-4.98067
-4.28402
-3.32864
-2.977
-3.37188
-4.18878
-3.66047
-3.78878
-4.05257
-4.20792
-8.83012
-3.64465
-5.96951
-3.07659
-2.69456
-4.63566
-3.96769
-2.26988
-6.08219
-3.68429
-3.58115
-2.84579
-4.09541
-4.12669
-4.77144
-2.86992
-4.23239
-4.52561
-3.16415
-6.14175
-2.83384
-5.93135
-3.49124
-2.86462
-3.90955
-5.14901
-8.15098
-7.14377
-2.91858
-3.51696
-7.73299
-2.84688
-5.59831
-5.25718
-3.40192
-4.32229
-3.08447
-5.76883
-4.73085
-4.75546
-3.49117
-4.39704
-5.50913
-3.40564
-3.23688
-2.79247
-5.79981
-4.87616
-5.74194
-3.31372
-3.72429
-4.12747
-4.83717
-6.92967
-5.58849
-4.02948
-2.87123
-3.90039
-6.04826
-5.54345
-3.5442
-5.62303
-4.35448
-4.45066
-5.16368
-4.36902
-5.76407
-3.95483
-5.0654
-4.5658
-3.90545
-3.39429
-2.873
-3.7573
-4.52311
-4.12966
-5.25502
-5.88981
-4.75866
-3.85345
-4.4243
-4.50823
-2.06684
-3.18287
-4.09257
-3.63065
-2.95448
-3.83983
-4.27819
-4.0257
-4.15956
-3.68392
-4.18402
-5.30523
-5.45403
-4.4539
-5.71997
-4.02143
-4.97765
-3.70133
-5.21608
-2.63249
-4.81904
-3.614
-4.12345
-6.83923
-4.7585
-4.47318
-3.25263
-4.24926
-6.97064
-4.82525
-3.55312
-3.97763
-3.76382
-5.37556
-4.68472
-4.28627
-5.11597
-2.29247
-2.99137
-3.31293
-3.87626
-4.08101
-1.98128
-3.37149
-2.99089
-4.95403
-3.77414
-7.4143
-4.29616
-3.25688
-4.35927
-4.21177
-3.76839
-3.85696
-5.33397
-4.01269
-4.3146
-4.8755
-5.34486
-4.30771
-5.787
-7.61157
-3.76062
-4.8551
-3.62466
-5.52261
-4.86971
-2.67644
-3.22609
-6.08995
-5.76174
-6.51034
-4.90068
-8.19846
-4.84887
-3.88656
-3.52778
-3.91996
-5.30841
-4.65966
-7.10719
-2.70223
-4.21525
-6.26721
-2.76884
-2.09011
-6.93707
-5.40652
-3.62493
-7.30811
-4.52454
-1.84263
-2.98141
-4.28022
-8.31866
-3.45004
-4.23917
-4.99441
-4.96853
-4.65767
-5.51228
-4.66734
-3.75956
-6.79964
-4.92353
-4.00662
-4.43988
-4.27036
-6.42934
-4.40532
-7.403
-3.41422
-4.14814
-3.58247
-5.86815
-4.16567
-5.4198
-3.49953
-4.1909
-5.79886
-6.45438
-4.37193
-3.95924
-4.72628
-3.12443
-4.16976
-3.38504
-3.88029
-3.99569
-4.76762
-2.7449
-4.92404
-5.2028
-9.83393
-4.98102
-5.91255
-4.88303
-3.55263
-4.20528
-4.99583
-4.62161
-3.80195
-6.03425
-4.66798
-4.7239
-4.78968
-4.33712
-5.92461
-4.68104
-6.03002
-6.03208
-2.18275
-2.86896
-3.90324
-4.65659
-4.30956
-5.40023
-4.31965
-4.69247
-5.50043
-4.20105
-3.10988
-6.73101
-6.72837
-4.0556
-5.86341
-4.7636
-4.97161
-4.38612
-7.20593
-4.75534
-5.75263
-4.78839
-4.68032
-6.28854
-4.54104
-8.36933
-4.63788
-4.65766
-4.16402
-8.79639
-6.84834
-3.50867
-5.58314
-4.67593
-4.97369
-3.88529
-6.33099
-4.127
-5.59452
-7.23187
-3.37139
-3.65522
-5.59319
-5.39494
-4.22152
-6.20468
-4.42292
-3.27001
-5.96363
-5.41653
-4.49927
-5.7577
-4.13162
-3.83678
-4.51451
-6.6989
-5.70636
-5.81617
-5.32491
-6.2207
-3.93957
-5.3129
-3.49764
-3.75189
-3.59609
-5.23099
-5.84921
-4.29536
-4.255
-4.7267
-3.08505
-3.96499
-6.02593
-4.42543
-3.09158
-3.12763
-2.62507
-4.21279
-4.54581
-5.19392
-5.21409
-4.5505
-3.88251
-4.41124
-5.64924
-5.37099
-3.42125
-4.45876
-4.3157
-9.31906
-5.29144
-3.029
-4.42331
-4.50362
-4.47577
-3.98449
-5.01362
-4.17295
-4.58539
-4.65032
-5.18439
-3.89215
-3.94137
-5.33559
-5.58946
-4.61821
-6.86233
-4.54218
-3.83297
-5.74513
-5.34746
-4.40446
-5.35291
-5.84629
-2.06318
-5.32615
-6.34296
-3.68602
-5.84762
-4.67346
-6.27416
-5.25835
-5.22645
-6.6394
-5.49313
-4.99143
-2.91499
-7.24203
-4.45452
-6.8942
-8.4938
-4.82967
-5.21521
-4.73221
-4.68123
-5.35312
-5.05102
-4.86268
-4.77165
-4.47025
-4.60889
-3.33557
-7.77752
-5.46509
-5.64208
-4.77126
-3.96913
-3.59953
-4.9792
-10.3646
-5.10928
-5.59946
-6.74754
-6.32648
-5.83822
-6.47434
-3.70484
-3.45424
-5.58713
-5.30106
-5.55033
-4.79129
-4.40131
-4.51399
-4.71722
-5.9547
-5.85819
-8.4785
-1.77955
-4.49165
-6.20685
-3.91373
-2.9866
-4.67844
-2.9706
-2.4941
-4.8479
-6.14309
-5.62428
-5.54944
-6.1883
-4.61202
-6.02437
-6.03291
-5.61351
-6.93469
-4.08748
-4.07279
-3.49901
-3.32695
-8.13923
-4.99662
-6.28722
-5.03538
-4.35019
-5.56867
-4.64464
-3.83958
-6.14171
-5.19507
-5.09432
-6.35267
-4.75774
-4.96208
-5.55432
-3.32032
-6.09243
-4.95317
-5.03412
-4.73554
-5.39935
-5.45129
-4.31496
-4.64999
-5.08378
-7.03231
-4.48784
-5.55991
-9.32761
-4.75625
-3.6435
-5.7214
-6.99393
-3.57189
-3.79692
-4.14096
-0.458933
-3.52342
-0.809256
-0.959827
-2.79399
-4.34162
-4.49822
-3.30985
-5.91269
-2.23924
-0.882126
-2.27822
-1.71193
-0.732888
-1.58227
-0.660036
-0.817292
0.570397
-0.76093
0.729515
-0.903782
2.04616
-1.72277
-0.184985
-2.60168
-1.78846
-0.0783069
-1.2929
-2.17831
1.27469
-0.657666
-0.4142
-3.45873
-1.198
-0.910594
0.35583
-1.22258
-0.618325
-0.441198
-0.624415
0.212177
-0.686744
-0.604238
-0.838007
-0.554903
2.00385
-1.73077
-1.53584
-0.211643
-0.913635
-0.540664
0.799597
2.00781
-0.152743
0.626136
0.000948317
-3.47419
-1.94275
-0.298289
0.291663
-0.497073
-1.72924
-1.79841
-2.67576
-1.94043
-0.613945
-0.514962
-1.17912
-1.0641
-4.47427
-3.44872
0.156821
-0.266021
-1.74206
-0.968461
1.60384
-0.0822381
-0.938387
-3.26521
-0.206375
-0.700493
-1.12956
0.0518193
-0.571018
-1.43197
-1.91056
1.54682
-4.27072
-2.3288
-1.18738
1.65261
0.737666
-0.941152
-1.12875
-0.483249
0.304822
0.716577
0.373966
-1.85431
0.0378256
-1.30808
-0.738891
-0.0581019
0.914241
1.68046
-1.90069
-1.25946
-0.083804
0.639679
-0.663773
-0.687375
0.273721
-1.34501
-1.77702
-2.42555
3.24807
-1.43508
-1.14837
-1.75226
-1.53747
-1.10431
-0.374659
-1.83649
-2.8545
-0.971636
0.633388
0.301562
1.99612
-0.385927
-2.13988
-2.9052
-1.01292
-1.26629
-4.67221
-2.34501
1.43088
-0.428296
-1.64968
3.22101
-0.474929
-1.68943
0.136921
-0.218086
-2.31509
-0.351174
-0.279413
-1.47818
0.594207
-1.19234
-0.514528
-1.46918
-2.66244
-4.50984
-1.30244
-1.50874
-0.778161
-0.254285
-0.36111
-0.604403
-5.19078
1.51668
1.88008
0.98448
-1.32914
-0.984579
-2.38774
-3.28696
-1.87885
-0.061572
-0.414904
-0.562392
0.50013
-3.03383
-2.24191
0.0666914
-0.114159
-1.64023
-1.90658
0.951927
-0.617114
-0.722437
1.61201
-2.193
-1.11867
-0.672713
-1.82611
-0.940846
-0.35311
-2.5602
-0.723948
-0.96456
-0.531407
-3.08877
1.63945
-2.34487
-0.225946
-1.50841
0.421033
-1.6614
3.55826
-0.254597
-1.40305
-0.23948
-0.0409233
-0.221763
-0.548297
-0.870388
-0.992094
-1.06145
-1.30358
-0.757012
-1.2967
0.557119
-1.51535
1.37992
-3.08206
-1.37889
0.950896
-0.767174
-1.16803
-0.429718
-4.60954
-1.03224
-4.19446
-0.410321
-0.211614
-0.161794
-0.20928
0.42132
-1.07655
-2.07731
-3.04189
-1.46341
-0.747889
0.79717
-2.4799
-4.52321
-1.77326
-0.351992
0.661553
-1.73905
-2.14357
-1.69556
-1.9392
0.253668
-1.05574
-1.99883
-1.76575
0.272477
-1.12194
-0.377989
-1.55113
-0.270461
-1.01719
-1.65271
-1.4309
-0.52048
-0.988508
1.09629
-0.1684
-0.351244
-1.41971
-1.78496
-1.65929
-1.73686
-0.188739
-0.875469
-2.0549
-0.356719
-1.39164
-1.63172
-1.6698
-0.937601
0.746768
-0.613716
1.00788
-0.283485
-1.48844
-1.81763
-0.619674
-2.46382
1.18942
-0.453971
-0.768079
-2.34322
-1.32092
0.815799
0.0575642
-0.875888
0.682225
0.761351
-2.34296
-1.78577
1.69213
1.48761
-1.35265
-0.480241
0.941481
-2.72785
-5.1156
-1.99078
-1.21451
0.125401
-5.68222
-0.387766
-0.918954
-4.53045
-0.517841
-0.713098
-1.96845
-0.859255
-2.09972
-2.34366
0.662993
-0.595232
-1.09277
-1.95445
-0.393631
-1.28699
2.88376
-2.46077
-1.52775
-0.815657
-2.414
-2.90484
-2.02176
0.916291
-1.20045
-3.72846
-0.822117
-1.752
-2.02239
-0.758725
-1.96648
-0.749392
-0.633043
-0.240827
0.0205897
-3.13875
-1.60959
-0.889663
-2.24809
-0.677647
1.65086
-1.79567
-3.56019
-1.47068
-2.6997
-2.29564
-1.02009
-0.88783
-1.56088
0.177816
-1.81374
1.15662
-2.00379
-2.52154
-2.23511
-1.16455
0.494031
-3.62779
-3.06549
-0.737164
-1.06007
-1.82015
-1.89656
-3.21754
-0.00289436
-1.73526
-1.46602
-1.45512
-4.19335
-0.761332
-0.229331
-1.65616
0.414884
-2.8614
0.61123
-3.86194
-2.00089
-0.843394
0.306607
-1.45181
-0.270875
-1.38629
-1.22734
-0.717967
-1.47237
-0.586896
-1.48862
0.449683
1.23106
-1.52298
0.361294
-0.767368
-2.85283
-1.99998
-1.86288
0.836465
-3.2365
-0.673821
-1.14651
-1.89069
-3.19058
-2.04374
-0.272558
-0.553885
-0.0308004
-4.66656
-1.75425
-2.01163
-1.37836
-1.83779
-0.400449
-1.31754
-3.50556
-1.66398
-1.93402
-0.459872
-3.19787
-3.80785
-4.62647
0.0578094
-1.41761
-3.89467
-2.55655
-4.24518
-1.16771
-1.98133
0.418594
-1.50695
-3.15298
-0.925748
-0.295981
-3.11838
-4.43563
-2.15441
-4.80979
-2.19727
-1.29982
-3.03587
-3.81776
-1.86184
-1.22098
-0.654259
-0.740552
0.392959
-1.43653
-0.00291545
-3.3754
-2.35107
-3.11456
-0.648211
-2.24985
-0.11508
-1.86527
-0.888999
-2.68717
-1.85128
-1.09646
-2.3712
-1.61349
3.02976
-0.692439
-1.36373
-4.193
-1.04544
-1.38468
-1.17233
-2.50214
-0.963978
-1.99652
-2.56951
-1.255
-0.564283
-2.69807
-1.7821
-2.34117
-0.730632
-3.52805
-2.10367
-1.55136
-1.49058
-0.574629
-1.3954
-2.84452
-4.13726
-1.90931
-3.92675
-0.974643
-2.42326
-2.59168
-0.921701
-2.14932
-0.349924
-0.422668
-2.12476
-1.35431
-0.435168
-2.04446
-1.97996
-1.9933
-4.06976
0.438772
-2.13208
-0.0551794
-1.53121
0.709578
-1.4024
-1.11803
-2.71259
-2.96027
-2.15446
-3.0094
-2.38261
-0.866591
-1.51683
-2.54634
-0.724693
-4.45647
-1.49352
-2.20967
-0.551682
0.923388
-0.903736
-1.36128
-1.79709
-2.91322
-1.28649
-0.965129
-1.27718
-2.01303
-4.47669
-2.3933
-0.752972
-1.81585
-3.80511
-2.01571
-2.5115
-2.98772
-1.76232
-1.18285
-1.58855
-3.76943
-3.2451
-3.8962
-0.193558
-3.36303
-2.99104
-0.542863
-1.70721
-1.96399
-2.99105
-2.35201
-0.0507421
-2.24798
-1.61957
-3.12079
-2.22182
-1.41473
-2.00899
-2.75063
-1.29038
-1.19928
-1.38826
-1.34249
-0.906336
-2.82688
-3.14139
-5.07102
-1.98058
-3.23565
-2.0589
-2.38094
-2.35913
-1.24698
-1.12991
-2.59237
1.04541
-2.07563
-2.13516
-2.06526
-0.305999
-1.86189
-2.1784
-1.87021
-2.25334
-3.79336
-1.43407
-2.70309
-1.76011
-6.53634
-4.43129
-3.92257
-2.93179
-2.83129
-1.83696
-1.9362
-0.353698
-1.23747
-1.9378
-4.55979
-2.57737
-1.90282
-1.28794
-3.19983
0.326284
-2.18944
-2.30319
-3.08499
-2.18047
-1.57807
-0.177786
-2.19758
-0.88628
-1.10653
-0.222523
-1.30609
-1.34993
-1.84829
-2.45485
-4.56268
-1.95406
-1.3065
-2.98419
-1.5
-4.08899
-1.57747
-1.70146
-1.85138
-2.23901
-1.50379
-2.3366
-1.68152
-3.73021
-1.26571
-3.27642
-1.29428
-2.05706
-3.19706
-0.655175
-4.28637
-2.32059
-2.34341
-0.474561
-3.44404
-0.832435
-0.227447
-3.44108
-2.75092
-2.68764
-0.650389
-1.78392
-3.77985
-2.74534
-5.29163
-2.73694
-2.4523
-2.15362
-1.58394
-1.78139
-2.60729
-2.11962
-2.15128
-2.02181
-3.00088
-2.99184
-2.63295
-3.35549
-0.619343
-1.33997
-3.4421
-2.08067
-3.92869
-1.35857
-1.32257
-0.966941
-2.37963
-2.55595
-6.63559
-5.38633
-3.15263
-1.73937
-2.9903
-3.58251
-1.85994
-3.51236
-2.55559
-3.85396
-1.95896
-2.30274
-2.43485
-1.40635
-3.21148
-2.54455
-3.6258
-1.54784
-4.24438
-2.9722
-2.44799
-2.61576
-1.54161
-3.17858
-2.54621
-2.65225
-1.86304
-2.6455
-2.83123
-4.68609
-4.41272
-7.33826
-2.70477
-4.02789
-2.40934
-3.63277
-4.52793
-1.15685
-5.60253
-2.37856
-2.23169
-1.40601
-2.15301
-5.64218
-0.302423
-2.38573
-1.23001
-7.37676
-2.4398
-2.72237
-3.21351
-4.42149
-2.2476
-4.92093
-3.76314
-1.55572
-6.22258
-4.32494
-3.40618
-1.92983
-4.27523
-2.35338
-3.81788
-2.43941
-3.09495
-2.27095
-1.91048
-1.88695
-3.23595
-2.21091
-3.08322
-3.38332
-2.08894
-4.15538
-2.8711
-3.27023
-1.72438
-2.32144
-3.7556
-2.00313
-1.43503
-1.12848
-4.48922
-5.0172
-3.05213
-2.48507
-1.54182
-3.8866
-3.01428
-2.60069
-1.77692
-2.32915
-1.49645
-1.73797
-2.53315
-4.04689
-0.890661
-2.1589
-1.74252
-4.55677
-1.97158
0.0597192
-1.62788
-1.74327
0.183223
-1.65781
-1.08501
-1.70621
0.227259
-2.66012
-3.07947
-2.06625
-3.67095
-1.75921
-2.22445
-2.82331
-5.77478
-1.85411
1.28429
-4.21789
-0.24277
-2.32288
-0.405744
-3.19323
-2.6323
-1.38807
-2.7225
-2.62603
-2.98467
-0.218916
-0.685689
-2.76422
-2.08379
-2.37297
-3.72258
-2.34842
-1.48114
-5.40641
-2.84373
-3.13705
-1.74498
-2.66923
-3.17443
-3.5883
-1.62762
-3.11981
-2.54008
-4.31422
-2.93307
-6.08911
-2.50964
-2.74484
-0.973055
-2.73859
0.0783318
-5.79496
-3.15503
-1.21194
-2.0371
-4.25271
-1.53172
-0.683718
-4.81962
-2.85001
-4.61734
-5.03568
-7.29379
-1.94142
-2.49178
-3.74455
-2.72272
-3.18261
-2.34411
-5.12731
-2.95979
-2.90994
-2.3325
-1.8273
-4.18266
-3.87982
-7.67969
-1.41392
-2.08561
-1.65272
-1.69549
-3.36959
-2.46631
-4.19476
-2.15745
-4.13754
-2.65864
-3.58756
-1.95975
-3.82833
-3.22542
-2.21529
-2.97365
-2.61829
-3.18458
-3.6331
-3.40952
-2.67283
-1.14295
-2.06791
-4.60094
-2.24853
-6.35375
-2.96951
-3.15346
-3.95361
-4.42275
-2.52317
-3.11787
-4.64263
-4.66922
-3.97847
-1.00354
-6.31834
-2.80448
-2.48689
-3.12875
-2.49155
-3.20132
-3.18199
-0.780866
-1.29564
-3.31008
-3.8186
-1.13103
-3.85355
-3.04918
-5.48035
-3.92305
-1.61064
-5.17407
-3.03164
-1.47365
-3.19168
-3.14245
-1.83808
-3.8106
-3.6095
-2.31914
-5.37878
-3.24224
-3.18495
-2.60983
-4.89485
-2.91444
-6.20604
-2.31009
-2.15524
-3.442
-4.38598
-4.24984
-3.58665
-3.89183
-2.59564
-4.46791
-1.54313
-1.43786
-3.6613
-7.78472
-2.76018
-7.39983
-4.78191
-3.00339
-2.79362
-3.52753
-4.71441
-1.64078
-2.58518
-3.92088
-3.09773
-3.67526
-3.41854
-2.25172
-2.1495
-4.76984
-2.56613
-3.21152
-3.00737
-2.33116
-2.29076
-4.91408
-2.19637
-3.55657
-2.97827
-4.4008
-3.72936
-2.60322
-3.11853
-5.36638
-5.38739
-1.79084
-3.35089
-5.12731
-3.07169
-4.41437
-2.95864
-1.76818
-3.00657
-2.38345
-2.34783
-1.51723
-4.27206
-5.4311
-3.04118
-2.23641
-3.08523
-2.8721
-2.57826
-4.52712
-3.19915
-1.89387
-3.76456
-4.55361
-2.79749
-3.98184
-5.29025
-3.82185
-2.52816
-3.36283
-4.03557
-2.01823
-1.76303
-4.25456
-4.63821
-2.67431
-1.66203
-3.3195
-4.31447
-2.32817
-3.55116
-3.33339
-8.24002
-3.76636
-2.60797
-2.29436
-4.39286
-2.11544
-3.13159
-3.8449
-3.38928
-1.81742
-3.09696
-1.83998
-2.02388
-5.2316
-3.16511
-3.66312
-6.80779
-2.11838
-1.59634
-6.61706
-3.37272
-5.50337
-3.97033
-2.41308
-7.25827
-1.99605
-2.7325
-3.58886
-2.64367
-3.56505
-2.26786
-3.54504
-3.16072
-2.70393
-4.44949
-3.77308
-6.04517
-1.08197
-2.91619
-3.07397
-2.88638
-1.63587
-2.90313
-2.38092
-4.29214
-2.82801
-4.66032
-3.98568
-1.26265
-1.98996
-3.91113
-4.95359
-1.69652
-1.38589
-1.11828
-2.5523
-2.51597
-6.17527
-5.50248
-4.06704
-5.47507
-2.15733
-5.72181
-1.97695
-3.78387
-3.6753
0.885822
-4.38579
-3.28119
-4.95306
-2.06392
-3.5666
-5.20332
-1.79421
-3.24107
-3.29852
-2.67615
-5.75856
-3.00003
-8.52121
-1.20498
-3.41807
-2.83883
-2.18107
-4.36271
-3.73597
-3.86546
-3.45171
-5.49229
-4.18933
-2.06273
-4.84907
-3.7062
-5.0875
-4.46375
-4.47663
-4.44835
-3.3048
-3.15449
-9.06208
-4.77076
-1.47907
-1.89802
-3.38241
-2.37393
-4.71195
-0.323053
-5.54003
-2.3922
-1.26147
-3.56617
-4.08528
-2.14834
-4.12737
-2.14754
-3.20157
-2.1622
-4.01878
-6.41429
-3.07262
-2.77716
-1.22794
-1.73326
-3.38078
-2.29616
-7.05523
-3.32321
-4.53165
-3.77815
-5.64598
-4.92137
-3.21595
-3.00034
-2.07385
-3.12594
-6.73171
-2.05425
-8.6225
-4.62887
-1.25941
-2.54997
-2.81386
-4.03943
-3.52545
-4.50152
-3.56718
-2.33839
-1.89339
-5.22142
-3.86111
-2.70046
-3.74815
-2.55757
-1.71317
-3.8796
-4.02887
-6.0341
-3.32464
-3.77052
-1.36985
-4.56546
-1.90811
-3.79898
-4.92541
-4.12595
-4.87283
-3.24767
-1.63302
-3.47633
-2.85336
-3.73024
-4.41824
-3.36687
-1.48127
-2.92002
-3.44958
-2.23013
-3.89476
-2.85265
-3.43256
-7.19564
-7.42713
-2.65733
-3.22259
-2.89642
-2.92414
-2.29844
-3.70672
-3.8275
-3.90676
-3.99239
-3.49418
-4.30529
-3.0071
-5.05913
-2.6697
-3.77637
-2.85751
-4.30427
-2.0885
-2.49354
-3.18972
-3.03811
-2.12125
-3.43082
-4.86834
-3.42882
-4.01003
-2.11274
-2.38492
-3.34431
-4.79304
-3.56234
-2.52837
-4.70452
-2.91495
-3.34289
-4.95215
-3.1603
-3.53372
-6.52538
-1.20609
-5.44283
-1.86668
-4.44203
-3.56984
-2.92125
-3.50707
-3.55542
-3.49765
-4.02209
-8.76056
-5.31657
-2.48909
-2.25587
-3.20681
-1.48339
-3.27953
-4.29239
-2.74084
-5.04864
-4.29759
-3.66095
-3.42999
-3.96547
-4.7545
-4.26553
-3.83099
-3.16301
-3.70417
-2.25561
-9.13747
-4.75606
-3.79682
-3.54712
-4.42748
-4.10693
-2.7377
-4.55506
-5.15872
-2.74681
-4.25487
-2.08286
-3.1175
-2.97421
-3.08273
-4.44621
-5.93484
-2.4342
-2.45877
-3.42881
-8.53441
-1.93024
-3.91432
-3.96481
-5.6827
-2.61817
-2.75581
-3.55435
-3.02715
-4.2855
-3.51641
-3.00644
-3.70954
-4.16815
-3.5222
-2.01264
-3.29216
-3.11301
-2.35856
-3.60809
-5.43631
-4.21609
-3.67371
-3.08435
-5.14345
-3.12143
-2.12426
-4.37317
-0.00887142
-3.48556
-3.51417
-3.14637
-3.03665
-2.17909
-5.21254
-3.29751
-3.98099
-4.32673
-3.05574
-4.35255
-1.50728
-4.39939
-4.86451
-2.76682
-4.70183
-4.92558
-5.45526
-6.43481
-4.60356
-2.8791
-3.69331
-3.19393
-4.47443
-2.10016
-4.34115
-5.27214
-1.41904
-4.02492
-5.40608
-2.71155
-2.81112
-4.57461
-1.24999
-7.61409
-3.76131
-4.68264
-5.47229
-4.85317
-2.64977
-4.51096
-4.31117
-3.89901
-4.14307
-5.23811
-2.77413
-4.79035
-3.30307
-5.04776
-3.03928
-5.6685
-3.46199
-5.60676
-2.79622
-3.72428
-4.48644
-2.79953
-2.56176
-4.84066
-3.28211
-2.65501
-2.25482
-3.68007
-5.52552
-3.1444
-2.36344
-4.65521
-3.37235
-3.87671
-2.85374
-4.67659
-1.91114
-2.83021
-4.44563
-4.48854
-3.26831
-3.02188
-2.86349
-4.3817
-4.02426
-4.79558
-5.69045
-8.70284
-6.53514
-3.62653
-2.55678
-4.47176
-3.14474
-7.09134
-3.07962
-3.75851
-4.46297
-3.42225
-5.2012
-3.00549
-3.74948
-4.89498
-5.46489
-5.952
-3.70928
-3.84408
-3.2815
-3.60605
-4.50413
-3.30881
-6.44699
-4.13449
-4.54311
-5.33443
-2.99154
-4.1199
-3.12887
-4.7492
-4.73621
-3.86901
-5.24195
-3.01281
-4.30474
-2.61163
-2.75884
-3.27485
-4.1023
-3.81998
-3.60629
-5.26722
-6.45182
-2.56771
-7.88896
-2.94818
-5.29552
-4.00816
-5.81324
-3.72499
-5.30805
-6.97222
-7.11643
-3.67117
-5.93027
-7.12517
-4.43741
-2.24498
-7.18255
-3.65643
-5.86537
-3.14899
-4.57254
-5.17282
-3.75041
-6.09479
-5.62057
-6.60089
-7.10263
-4.29581
-4.57421
-3.6319
-5.97259
-5.03081
-2.98373
-3.95988
-4.62518
-2.72369
-6.16762
-3.86629
-4.45334
-5.83312
-3.16651
-3.42758
-3.90484
-3.72897
-5.46517
-7.01552
-3.7018
-3.91201
-6.33727
-4.69268
-4.8759
-3.73905
-5.00257
-6.36116
-6.0492
-2.63689
-3.49582
-4.87919
-3.38184
-5.14636
-2.88705
-4.41359
-5.01413
-5.01115
-5.75414
-2.85795
-5.33158
-3.96015
-3.34976
-5.05641
-3.02296
-5.66497
-5.84561
-3.9832
-4.86711
-3.77152
-3.68941
-5.0403
-4.66259
-3.54514
-3.95429
-3.57907
-4.75561
-4.86753
-6.46077
-4.10127
-5.50661
-5.29493
-4.36082
-3.95536
-4.5658
-3.62935
-6.35924
-2.67686
-2.11731
-7.18006
-8.15754
-5.63643
-5.19916
-5.01037
-2.75919
-3.23675
-4.97365
-4.41094
-5.63145
-6.06623
-3.22494
-5.26029
-3.07368
-4.82566
-5.94704
-4.02088
-4.84273
-4.24327
-4.56766
-3.45066
-6.59589
-3.8279
-3.3587
-3.9582
-7.14044
-6.49026
-4.22412
-5.02104
-4.18748
-4.96373
-3.7801
-3.01599
-3.86979
-5.44756
-5.31154
-4.00787
-4.34127
-4.53823
-4.62405
-2.83674
-4.8892
-4.11318
-3.99038
-3.63963
-4.0842
-7.14875
-4.39848
-6.10471
-4.91575
-3.71298
-7.39544
-3.58688
-4.02793
-5.02842
-5.92843
-4.59518
-4.61318
-8.58268
-4.28818
-4.491
-4.35589
-5.77123
-3.30649
-4.83015
-4.54391
-5.33051
-3.81867
-4.8882
-6.92152
-6.48781
-6.0291
-5.61331
-5.60799
-4.54284
-5.0218
-6.25208
-5.87368
-5.28489
-4.80995
-5.23362
-5.47158
-4.90987
-5.09639
-4.14385
-5.09618
-5.24492
-5.53954
-3.80964
-5.28389
-4.36153
-5.41869
-5.66494
-4.40407
-5.00284
-5.68068
-3.9795
