-0.00940069
0.00940069
-0.00940069
0.00940069
0.00940069
0.00940069
-0.00940069
0.00940069
0.00940069
0.00940069
0.00940069
-0.00940069
0.00940069
0.00940069
0.00940069
-0.00940069
0.00940069
0.00940069
0.00940069
-0.00940069
0.00940069
-0.00940069
-0.00940069
0.00940069
0
0
0
0
0
0
0
0
0
0
0
0
0
0
0
0
0
0
0
0
0
-3.96887
0
0
0.306766
-1.86193
0.444275
-0.178967
0.378214
0
-1.18814
-1.31
0
0.290125
-0.946089
0
0.0963653
0.579083
1.07716
0.660437
0.216661
0.670091
1.36594
-1.09143
-0.221949
-0.296284
0.140776
0.663113
-0.228286
0.325087
0.746736
-0.236281
-0.500104
0
0.634093
-0.665325
1.92403
-0.248592
0
-0.810483
-1.07045
0.167257
0.53306
-0.0923548
-0.48472
-0.0534248
0.219894
0.0561419
0.254282
-1.11878
-0.857155
-1.00504
-0.0831763
-0.146947
-0.261276
-0.186171
-0.194761
1.09861
-0.222878
-0.372528
0.426777
-0.510217
0.10421
0.422664
-0.14199
-0.0667293
0.117835
0.233045
-0.237208
-0.130811
2.0778
-0.422383
0
0.57634
0.709511
0.197678
-0.283121
-0.176629
0.307044
-0.131298
1.27234
0.16676
0
0
-0.276341
-0.75692
-2.75359
-0.183938
1.10372
-0.308062
-0.12255
0.248498
-0.74483
-0.208088
0
0
0
0.974489
0.168379
0.207736
-0.188778
-0.216207
0.231191
-0.266717
0.211235
-0.267641
1.02168
0.142165
0.112264
0.258058
0
0.176572
0.0778458
0
0.043599
-0.0661952
-0.0382778
-0.514511
0.782378
0.0506744
-0.201262
1.0199
-0.123213
-0.460841
-0.597124
0.0340873
0.265162
1.20872
0
-0.0406965
-0.0450575
0.306006
0.177979
-0.243659
0.226679
0.913603
-0.192317
-0.485629
-0.0713022
-0.253569
-0.572219
0.250002
0.608198
-0.624241
0.469812
-1.43302
0.748173
0.960376
0.425414
0.382052
1.14093
0.318069
1.56182
-0.655804
-1.32323
-0.0868846
1.6885
-0.201373
0.425014
-0.38772
-0.423377
-0.0673994
-0.235997
1.14601
-0.948902
-0.299808
-0.228469
-0.592896
1.93688
-0.275013
1.14714
-0.120754
0.887184
-1.5798
-1.33707
-1.38214
0.186463
0.134132
-0.264391
-0.400689
0.719694
-1.44149
-0.262313
0
-0.799168
-0.242411
-0.34845
0
-0.290381
0.167303
-0.350824
0.0989129
0.351672
0.168831
0.13219
0.10958
0.317183
-0.0350793
0.392059
0.553145
0.346931
-0.0779352
0.322195
0.0913092
-0.344092
0.303
1.18244
0.0460999
0.338302
2.02371
0.49702
0.892916
-0.529744
0.355709
-0.555819
0.654532
0.589039
-0.330852
-0.199572
-0.540572
0.156687
2.81918
-0.0354849
0.909185
-0.623421
-0.365769
0.246921
0
-1.10244
-2.93039
0.229843
-0.929074
0.0946143
0.397689
0
0.2039
0
-1.19275
0.712341
0.882733
0.187195
0.552287
-0.77055
-0.257605
1.07045
1.18982
-0.152156
-0.128561
-0.487956
0.554294
0.337033
-1.22404
0.0809169
-1.17602
-0.520667
-0.062483
-0.455695
-0.529633
0.493327
1.12939
1.78639
0
0.173261
-0.475488
1.20778
-0.263812
-0.207517
-0.0521902
-1.86713
0.114573
-0.315929
0.329262
0
-0.660583
0.282787
-0.241745
-0.21285
0.114392
-2.08263
0.276464
-0.341019
-0.948844
0.0292017
1.18695
-0.229948
0.332728
0.0214848
0.101666
0.827394
0.0864103
-0.235838
0.992502
-0.504127
-0.40646
0.367853
-0.244819
1.17443
0.301741
-0.339092
0.135741
-1.36324
-0.560007
-0.293513
-0.114285
0.851207
-0.117011
0.0719016
-0.25057
-0.129514
0.272828
-0.189934
0.322036
0.106833
-0.0803974
1.376
-0.729075
0.397465
-0.687585
0.13136
-1.18244
1.57007
-0.164
-1.2285
-1.69836
-0.0651208
0.218568
-0.239452
1.21155
-0.0994822
-0.266825
0.289805
0.563509
-0.0146845
0.221395
-0.844074
1.22583
0.032869
0.142511
1.18616
-0.445309
-0.349911
0.581652
0.0298126
0.0585855
0.93333
0.0864491
1.0015
0.629165
-0.299526
-0.186539
0.346759
-0.174044
0.354093
-0.131322
0.391252
0.216236
-0.469787
-0.31792
1.52338
0.715962
0.333298
-0.186715
-1.79866
0
0
0.0787559
0.115245
-1.05682
-0.574311
1.5444
-0.105447
-0.104839
-0.16212
0.371015
0.978908
-0.884947
-0.267756
-1.14816
0.0784623
1.54557
0.130608
0.0598647
-0.121333
-1.03033
-1.10726
-0.316491
-0.36733
-0.149277
0
0
0.503923
-0.275415
0.298867
-0.419342
-0.105879
0.0598163
-1.46475
-0.462171
0.20657
-0.0732915
-0.248919
-0.394853
-1.31004
-0.101779
0.224262
-0.103452
-0.70143
1.33129
-0.907987
-0.155817
-0.183862
-0.0747099
-0.478679
-0.0861615
0.406335
-1.90055
0
0.482017
-0.310133
-0.307892
-0.308134
0
-0.142058
-0.3841
0.162407
-0.849657
-0.393801
0.0606859
0.209089
0.371531
-0.0561397
-0.886336
0.485165
-0.0786805
0.486176
0.0899488
0.47583
0.180873
0.139891
-0.734086
-0.0483184
-0.34363
-0.333239
-0.230652
-0.43527
-0.0897688
-0.5058
0.156141
-2.03515
0.0415053
-0.512252
0.135172
-0.852374
-0.333752
0.325412
-0.162559
-0.457979
0.364152
0.165788
-0.645409
0.367121
0.341226
-0.453692
0.105487
0.490801
0.00576945
-0.298212
0.940156
-0.397689
0.00142857
0.2402
1.23405
0.29885
0.21843
0.167991
0.147303
-3.40175
0.175849
0.0812252
-0.725674
1.4275
1.52226
-0.360263
-0.141654
1.09247
1.63352
0.852058
0.461261
-0.475911
-0.129719
-0.1116
0.1327
0
0.492282
-0.656653
0.518263
0.149697
0.422158
1.28712
-0.25217
0.0876418
-0.371561
2.33641
-0.314236
0.431841
-0.373607
-0.066702
-0.0884411
-0.806053
-0.150998
-0.267801
-0.100436
-0.0113475
0
0.432124
-0.632833
-0.108467
-1.26567
-0.0185736
-0.384776
-1.40792
-0.470575
-0.744355
0.290381
-0.652775
-0.803007
-0.186415
-0.317646
-0.281154
-0.134441
-0.107016
0.196454
0.350865
0.122249
-0.173138
-1.47222
0.289745
0.117527
0.197939
1.40861
0.196599
0.0198731
0.136836
-0.809494
-0.0650046
0.548497
0.260169
-0.730828
0.0227071
-0.0455504
-1.4022
0.728623
0.770367
-0.366711
0.271946
-0.0735848
-0.116078
0
1.02365
-0.526358
0.160084
-0.13187
0.128783
-1.67793
0.0298291
-0.987625
0.280864
0.105576
0.476703
1.06689
0.21556
0.259429
-0.183812
0.107203
0.166519
0.359162
-0.0837668
-0.204162
1.43082
-0.617314
-0.954733
0.225213
0.142866
0.412795
-0.129875
-0.419875
0.0785795
-0.0429175
0.314889
0.16849
1.08488
0.411767
-0.0562906
0.197572
0.0702239
-0.253008
-0.224116
0.31636
-0.232564
0.469069
-0.31109
-0.772559
-0.377992
0.171667
0.0122562
0.556063
0.119856
-0.61573
-1.31
0.571457
-1.16782
0.0826473
-0.0960073
-0.15589
0.657469
0.507798
0.313303
0.0573107
1.90759
0.0559868
0.564662
-0.033584
0.822257
-0.431982
0.112393
0.0407131
-0.0372103
1.28622
0.13292
0.0588866
0.300653
0.330822
-0.612696
-0.97042
-0.0267841
-0.999732
0.173608
-0.285358
-0.209728
0.547584
0.124341
0.527635
0.812816
1.35958
-0.134092
-0.363335
-0.0866447
-0.242154
0.796524
-0.0560519
-0.199109
-0.0583689
0.0238112
-0.0700335
-0.594866
-0.647523
-0.755806
-0.123123
-0.573525
-0.513527
-0.133945
-2.22774
-0.0775029
-0.381466
0.438026
-0.108231
-0.859956
0.354926
0.918496
0.217877
0.675873
0.0588093
-1.18695
0.337477
0.71006
0.961623
0.33582
-1.33015
-0.308643
-0.676571
-0.356294
0.207991
-0.873532
-0.589039
-0.535642
-1.84607
-0.172356
-0.177431
-0.482436
-0.259376
-0.170358
0.644969
0.506409
-0.885238
0.584497
-0.307671
-2.71027
-0.714286
0.571438
0.109832
-0.244832
1.06572
-0.485165
-0.289148
-0.196856
-0.372637
-0.810743
-0.272128
0.431269
-0.160306
0.362587
-1.39153
0.33718
0
-0.0444737
0.336444
-0.0856338
0.486094
0.766456
-0.276573
0.104734
-0.0658091
-0.195028
0.601136
0.0850996
-0.219788
-0.022057
-0.666779
-0.663476
0.185489
0.0693975
-0.104303
0.0943531
-0.154543
-0.461167
-0.587316
1.30969
0.57556
0.0328114
-0.0292989
0.0408922
0.186338
1.99358
-0.273584
-0.784044
-1.25854
-0.343546
0.15114
0.117072
0.144664
-0.98793
-0.424781
-0.359851
0.904922
0.336429
0.526358
1.74422
-1.72547
0.524842
0.314236
-0.252919
0.880237
0.0640381
-0.612516
1.16921
-0.0624135
0.0258332
0.449125
-0.471908
0.148975
-0.107936
-2.20899
-0.211591
-0.30795
0.0329436
0.34339
-0.398329
-0.342549
-0.158259
3.05573
-1.04857
0.386769
-0.239279
0.0627895
-0.050786
-0.0865178
-1.03321
0.322053
0.24444
1.27377
0.424194
0.122831
0.444032
-0.158189
0.235085
-0.240063
2.86847
-0.325886
-0.443963
-0.656028
0.596342
-1.22576
-0.179454
-1.00164
0.17682
-1.32908
0.469478
0.174504
0
0.0954193
0.150801
-0.965379
-0.166084
-0.821114
0
-0.442753
0.90671
0.138402
0.233924
0.144212
0.0437369
-0.16676
0.229307
0.111163
0.545291
0.205969
1.57637
1.36099
-0.210879
1.38296
-0.0197988
0.410958
-0.242665
-0.40508
-1.12386
-0.0872094
-0.621013
0.368401
-0.682104
0.30052
0.734342
0.279808
0.409618
0.386932
-0.0634206
0.068688
0
-0.0605605
-0.37698
-0.759385
-0.748767
-0.0540721
0.344268
-0.497069
-0.231001
0
-0.512125
-0.175855
0.812816
0.0935946
0.987097
-0.384291
-0.398021
1.23097
0.0563559
0.868702
0.946726
-0.161338
-1.1529
0.163207
0.537998
1.86381
-0.511406
0.721403
0.374258
0.0693417
0.145619
-0.0998884
-1.1543
-0.0866447
-0.0531669
0.343302
0.28878
1.35099
0
-0.670091
0.189139
0.236607
-0.124504
-0.0437611
0.201197
0.445093
-0.344092
-0.547172
0.131542
-0.528536
-0.127615
1.29051
-0.0344621
-0.0699918
-0.456651
-0.296546
1.83178
-0.756937
0
1.06925
-0.260366
0.113388
-1.08639
-0.464451
-1.44651
-0.804719
0.156418
-0.0861814
0.364222
0.548354
0.417947
-0.457271
2.04463
-0.405337
-0.425484
0
-0.649641
0.342081
-0.372878
-1.79157
-0.858639
-0.0398118
-0.889976
0.0142122
-0.82994
0.35323
-0.06614
-0.19698
0.801182
-1.20677
-1.14152
0.0863162
0.771829
-0.132857
-0.126383
0.0967863
-0.0342992
0.460516
-0.651986
-0.141183
0.107288
-0.122486
-0.889976
-0.583043
0.554798
0.577091
-0.122057
0.0779313
-0.416853
-0.182915
-0.379985
1.0556
0.751068
-0.176089
0.120635
0.645409
-1.13461
0.109322
-0.0468853
0.335023
-0.59253
-0.0493257
1.26835
0.522273
0.333121
0.323391
0.515546
-1.60316
-0.091137
0.606174
-0.0716646
-0.422583
0.0479968
0.402268
1.20221
0.150614
0.0960668
0.201197
-0.430892
-0.614294
-1.60129
0.283733
-0.246291
-0.283549
0.0658877
0.599128
-0.169903
-0.282265
-1.6226
-0.544122
-0.582855
-0.324198
0.435414
1.4151
0.358267
-0.415257
0.325331
0.465946
-0.910045
0
-0.509722
-0.648784
-0.022967
-0.0206857
0.119277
1.77621
0.215729
1.23647
0.800596
0.724588
0.580424
0.492624
0.128532
-0.128561
-0.356517
-0.30987
0.949523
-0.0559376
0.317324
-1.56877
0.359262
0
-0.654884
0.692731
-0.223861
-0.525276
-0.0779448
-0.112745
0.257907
-0.550739
-0.0446681
-0.307916
1.14682
0.155745
0.101325
-0.906849
-0.312662
-0.131248
1.06084
0.612089
0.655263
-0.0200327
1.89829
0.632833
0.0249602
1.41171
-0.355654
0.995342
-0.401224
0.581932
-0.29305
-0.674963
0
-0.02572
-0.00477391
0.0292602
0.0504605
-0.377707
-0.476528
-1.09734
-0.235043
-0.256255
1.37346
-0.0526386
-0.263783
0.108074
-0.875429
-0.533399
-0.223934
0.120058
-0.278859
0.0688142
-0.193235
0.534293
-0.133144
0.212634
0.372566
0.670091
-0.364839
-0.0163301
-0.050528
0.0536228
1.49525
-0.279177
0.810889
0.0615591
-0.300453
-0.405337
-0.226215
-0.84482
0.13074
0.79201
0.25234
0.128132
2.11916
1.35368
-0.0893866
0.658076
-0.262628
-0.126498
0.248125
0.571966
0.613303
-0.236681
0.0421124
0.194158
0.281639
-0.223949
0.29636
0.0548698
-0.129561
-0.179874
0.610324
0.0999472
0.987625
0.432182
0.389533
-0.429374
0.445915
0.201961
-0.691485
-0.469577
-1.72592
-0.696921
1.10067
1.41313
0
0.0100003
1.13521
-0.53606
0.772022
-0.928571
-1.16769
-0.616585
-0.279999
0.736148
0.0925012
-0.248468
0.35774
-0.229156
-0.197766
-0.117715
0.786378
0.71559
0.0882104
0.3633
-0.561229
-0.428951
0
0.189814
-0.0177797
1.04973
0.168789
-2.00367
0.128262
-0.18112
-0.084646
0.979518
-1.24342
0
-0.802057
-0.0271495
-0.116828
1.63765
0.163497
-0.935901
-0.402182
-0.656812
-0.358465
-0.585346
-0.171694
-0.56405
-0.576382
-0.182121
0.596124
-0.341093
-1.39182
-0.0286484
-0.392291
0.804398
0.702458
0
-0.230846
0.266933
0.252649
-0.0557646
-0.438611
-0.363198
-0.0825442
-0.167646
1.00363
-1.55517
-0.42784
-0.0586815
-0.563696
1.081
0.556063
-0.213029
-1.30722
-0.156176
-0.910611
0.233388
-0.696627
0.35064
-0.214287
-0.65912
-0.119307
-0.666779
-0.742323
-0.753012
-0.05292
0.285213
0.1052
0.297575
-0.218049
-0.365022
-0.313977
0.081676
-0.134677
-0.200671
1.05793
-1.5844
-0.250238
0.483635
-0.643425
0.0928074
0.518046
-1.04568
0.0204788
0.0870471
-0.499522
0.829006
-0.0848102
0.328282
1.17676
0.104666
0.211235
0.0789525
-0.762414
-1.38528
0.0814905
1.06388
0.779425
0.301938
-1.8752
-0.801344
-0.933247
-0.549306
0.178294
-0.114986
-0.238745
-0.617594
-0.146178
0.447737
-0.0952235
-0.289677
0.478637
0.13308
0
2.67043
0.269058
1.78639
0.342342
-0.953913
0.235712
1.14672
1.59911
0.983988
0.0297113
-0.106902
0.122046
0.255842
-0.0537018
-0.132963
0.123481
1.2926
-0.121365
-1.08734
0.300164
0.647915
-0.725034
-0.666143
0.55379
-0.0861781
-0.361305
-0.00642866
0.601136
-0.237189
0.331647
-0.692032
0.187881
0.148212
-1.00025
-0.165706
-0.90913
0.375075
-0.251072
1.01844
0.192337
2.1961
0.568539
0.105407
0.518354
0.614828
-0.652829
0.530436
1.03972
1.15324
1.42232
1.0549
0
-0.526671
0.488877
-2.29756
-1.08136
0.251938
-0.089238
-0.0765542
0.725462
-1.85926
0.506184
0.0272356
-0.119856
-1.06378
-0.416444
0.679534
-1.12215
-0.23531
-0.158566
0.147379
-0.0803291
0.597073
0.0499103
0.180922
0.173088
0.236078
0.207143
-0.523762
1.33825
0.398024
0.302933
-0.490988
0.186222
0.253438
1.37249
0.170827
0
-0.163632
0.188139
0.584493
0.0712259
0.43767
0
0.09779
0.297885
0
0
0.291542
-0.482268
-0.570847
0.143013
-0.808294
0.324237
-0.195131
0.247616
-0.72923
0.925766
-0.427218
0
-0.601024
0.147489
0.0716493
1.20916
0.424073
-1.29076
0.0590557
0.16068
-0.215223
1.10332
0.272617
0.110119
-0.0536228
-0.118327
0.0512121
0.0386026
1.05194
-0.216168
0.46509
-0.525492
-1.39582
1.02738
-0.65772
0.206594
0.15974
-0.188572
0.463082
-0.532041
-0.0690124
-0.256273
-1.47391
-0.733644
0.0882855
0.283846
0.79128
-0.5084
0.616244
0.334735
0.105767
0.587787
-0.248567
0
-1.37554
-0.0965956
0.109667
-0.421726
0.151431
-0.550792
-0.816816
0.0543313
0.761467
-0.461004
0.105576
-0.743568
-0.15031
0.0776976
-0.179754
-0.646735
-0.999732
0.930204
-0.347021
0.321622
0.776537
-0.0667529
0.921665
-0.0394423
-1.84305
0.147676
-0.541716
-0.279177
-0.181983
0.372789
-0.424639
0.529633
-0.591702
1.74549
-0.499329
1.18733
-0.47865
1.06807
-0.172048
-0.975412
-0.169263
-0.0916846
-0.264364
0.694089
-0.632014
0.30837
0.446521
0
0.208774
-0.0398829
1.00785
-0.255512
0.206833
0.300495
0.304359
0.303271
-2.07333
0.182231
-0.460516
0.67308
0.220457
0.409275
-2.05726
0.0777487
-0.199245
0.379337
0.076238
-0.0956838
0.066715
0.0386303
-0.562709
-0.782343
-0.399483
0.0532843
0.509004
-0.663812
-0.0924282
1.59209
0.215156
-0.962689
-0.504332
-0.389915
0.178667
-0.384698
0.228286
0.445895
0.16683
-0.897426
0.346841
0.390627
-0.109322
0.509408
0.595645
1.30585
0.282392
0.302718
-0.0291414
0.108769
-0.327268
-0.566804
1.33603
-1.25626
0.368562
-0.0454828
0.375602
-0.188557
0.0784692
0
-0.118315
0.115091
-0.159265
0.361988
-0.0732022
0.458646
0.0593288
0.405078
0.542845
-0.130363
0.722602
0.781508
0.435611
-0.530073
-3.41885
0.557641
-0.213919
0.382259
0.42433
-0.685371
1.01126
-0.0548461
0.875754
0.586459
-0.124746
0.300453
1.08375
0.345151
0
0.478212
0
0.264391
0
0.418943
-0.703181
-1.37554
-0.79128
-0.0636573
0.51007
-1.88551
0.841634
1.10192
1.37894
0.307892
-0.0829122
0.0795369
-0.330867
0
0.641449
0.0780532
0.585689
1.75047
-0.0507295
0.805291
-0.111572
-0.156991
0.879297
-0.431611
-0.643301
-0.112781
0.614294
-0.497311
0.10528
-0.351672
-0.226661
-0.410872
0.394957
0.524673
-0.149391
-0.355466
-0.0250052
-0.47513
-0.14981
-0.0610727
0.158566
-0.162907
0.360765
1.34696
0.57474
-0.857563
0.101358
-0.692315
-0.413453
-0.0114893
-0.377278
-0.403123
-0.189658
-0.720278
0.283668
0.0161972
-1.10116
0.798263
0.447896
-0.724143
1.56626
-0.40178
0.611241
0.57308
-0.870569
-0.333697
0.619406
-2.12804
0
-0.352864
-0.150215
0.578548
-0.175865
-1.42037
0.396601
0.119132
1.1006
0
-0.918133
-0.697766
-0.167303
-0.110318
0.649821
0.853057
0.101916
0.15186
0.765441
-0.155425
0.0208376
-0.734744
-0.225455
-0.106388
0.81441
-0.445093
0.0344489
0.630263
0.0616163
0.116736
0.115788
-0.915708
-0.181784
-0.598125
1.01378
0
-0.18242
0.0592483
1.20138
0.276094
-0.802441
-0.39268
0.905685
0.512457
-0.224161
0.18298
0.256554
-0.353873
0.818991
-0.337962
-0.317183
-0.642233
0.048844
0.26002
0.54796
0.0552416
-0.14017
0.58532
0.0985009
-0.144119
-0.162217
-0.115413
0.285038
0.533846
-0.980063
-0.286075
-0.755095
0.459847
-0.454112
-0.985776
0.0808903
-0.504084
-0.610012
0.218985
0
0
0.292648
0.0821274
-0.400926
0.23677
0
0.122505
-0.0440259
0.24556
-0.0891014
0.590484
2.03145
0.098682
-0.336606
-0.57066
-0.132472
-0.148461
0.180507
0.528536
-0.195819
-0.113001
0.127847
1.88364
0.300907
1.24706
0.580962
-0.0871877
0.594571
-0.813096
-0.279177
-0.466298
-0.640256
-0.0853155
-0.549306
-0.0147864
0.697343
-0.611485
-0.110011
0.309793
0.099072
-1.12656
1.07045
-0.127044
0.616054
-0.552037
0.342255
0.203756
0.448214
-0.189341
0.622487
0.48147
0.141341
0.564518
0.109724
-0.163075
0.592448
-0.433895
1.12785
0.536734
-0.587787
0.0585733
-0.140145
0.545504
0.321322
0.473691
-1.19091
0.0944749
0.123474
0.174636
-1.73805
-0.968223
-0.081719
-0.372151
-0.113451
0.220465
-0.0676445
1.30252
1.2304
0.365546
0.0529856
0.767913
-0.570553
-0.0939839
-0.906109
0.0733607
1.06881
-0.599362
-0.432182
-1.1529
0
-1.13306
0.302928
-2.13242
-1.12893
0.339922
0.0542199
-0.305248
1.80726
0.0638272
-0.162864
-0.109229
0.177682
-0.33636
0.422023
0.968996
-0.128108
0.45745
0.334095
-1.20158
-0.559829
-0.707267
-0.92205
0
0.0918082
-0.887788
-0.442903
0.366613
-0.0478937
-0.587634
0.153128
-1.30774
0.376035
0.446314
-0.822919
-0.93247
-0.176011
-0.495683
1.08682
-0.63866
-0.0904868
-0.525772
0.0823404
-0.0858156
0.278172
-2.32625
-0.0826375
-0.646465
-0.129877
-0.449079
-0.0457636
0.221627
-0.280704
0
0.540572
-0.110858
0.182891
-0.169263
0.369327
-0.224262
-1.04523
0.146674
-0.263677
-0.739645
-0.981626
-0.156986
-0.172312
0.124813
-0.683162
-0.104888
-2.16537
2.0986
0.078908
0.815756
0.181453
-0.174416
-0.238575
0.0720477
0.225142
0.187874
0.122078
0.184696
-1.60617
-0.0306589
-0.0505645
0.148815
0.0907873
1.18356
-0.0858735
0.521883
1.35996
0.103048
-0.567236
0.040419
-0.178322
-0.122329
0.350824
-0.0850944
-0.144469
0
0.244571
-0.945774
0.147125
-0.0845433
-0.832563
0.85698
-0.5783
-0.11382
0.0258668
-1.01512
-0.221378
-0.296016
-0.437006
-0.670031
0.123038
-0.799597
-0.44082
-0.783687
0.734604
0.719289
0
-0.17299
-2.02153
0.486493
0.30952
-0.0476502
-0.0577032
-0.897371
-0.510014
0.022567
-0.880018
-0.516376
0.428478
-0.784616
-0.420968
-1.24848
0.206616
0.0886601
0.524845
-0.520204
0.0578422
-0.366143
-0.166809
0.171758
0.210172
-1.22232
-0.326635
0.322389
-0.125469
-0.356788
0.45168
0.0895241
0.0893815
2.0923
0.201021
-0.873532
-0.113813
-0.368401
-0.186967
0.229766
0.681703
-0.846292
-0.128891
0.204565
-0.0963138
0.0566405
-0.342255
-0.320322
0.601834
0.0350301
1.37894
-0.924521
0
-0.571756
0.103799
-0.0595207
0.0309673
-0.128023
0.261445
-0.545291
-1.46273
0.593397
-0.0534064
0.269233
0.356788
0.378799
-2.24613
0.96002
0.992198
0.292511
0.809902
-0.0684293
0.0812203
0.177131
0.252317
-0.488888
0.140436
-0.378262
1.17518
-0.300151
-0.370399
-0.760597
-0.241646
-0.037054
0.0833227
0.433387
-0.639771
-0.041798
-0.0795052
0.15376
0.447692
-0.698154
-0.462863
-0.135814
0.536093
0.105607
-0.0274143
0.132334
0
-0.103329
0
-1.66114
-0.982333
-0.213911
-2.21556
0.566417
0.942018
-0.126875
0.0118524
-0.405217
0.0976053
-0.39302
-0.895448
0.699782
0.25389
-0.626046
0.23164
0.215931
-0.239703
-0.193489
-0.605164
0.414087
-0.49356
-0.159148
0
0.126988
-1.90579
-0.203944
0.30809
-0.359757
-0.823623
-0.286267
-0.189062
0.0898467
0.220656
-1.33575
-0.0873633
0.202971
0.349076
0.522984
-0.238994
-0.821737
0.290963
-0.926224
-0.0866661
0.428747
-0.546348
1.1529
0.127981
-0.100865
0.137092
0.457314
0.540128
0.376006
-0.137457
-0.0978901
-0.56674
-0.243603
-0.842919
0.373391
0.501481
0.144243
0.1759
0.438732
-0.249342
0.148676
0.107901
0.743881
-0.66275
-0.172402
0.253241
0.0592433
-0.0880842
1.75784
0.036074
0.400085
0.171545
0.0711763
0
0.59593
0.79537
0.664203
-0.0631298
0.208121
-1.83178
0.341821
0.267258
-0.779955
-0.155528
0.265417
-0.178164
-0.757853
0.291413
0.551041
0.119104
0.389442
0.0608832
0.0611849
0.0613151
0.183109
-0.869686
-0.0428834
-0.38293
1.8297
-0.64028
0.479127
-0.337228
-0.515586
-0.70363
-0.338387
1.16813
0.060823
-0.0878134
-0.211558
0.771725
-0.545057
-0.508564
0
-0.187524
-0.896652
1.7314
0.880018
0.170902
-0.501851
-0.292127
-0.483067
-0.267801
0.414861
-0.25076
0.408339
0.0644467
0.661387
-0.0766946
0.254417
-0.333862
0.780721
0.184303
-0.599584
0
0.431472
-1.3144
0.0734296
-0.171253
0.164544
0.879165
-0.670091
0.533846
0.394619
1.25813
0.065773
0.514718
0.119021
-0.379217
-0.478944
0.0455581
-1.91607
0.893433
-1.26393
-1.90825
-0.27957
-0.207706
0.583473
0.434221
-0.351672
-1.19506
-0.579281
0.0851204
0.123902
-1.91927
0.376066
-0.53585
-0.270716
-1.45594
-0.0476406
-0.440562
0.762806
0.381148
-0.307226
-0.181933
-0.0463617
0.130046
-0.0490215
0.0952873
0.350983
0.00522393
0.774191
-0.809322
-0.714247
0.30996
-0.0960469
-0.223607
0.109047
-0.467865
0.126376
-0.859201
-0.721532
0.636647
-0.067244
-0.327673
0.470461
0.124435
0.529362
0.532285
-0.16773
0.457931
0.967183
-0.434668
0.205062
-0.613146
0.16557
-2.30756
0.738919
-0.1621
0.140968
0.700605
-0.502248
0.248265
-0.197911
-2.18099
-2.11145
-0.413285
0.344366
0.147692
-0.0764261
-0.0745266
-0.390908
2.40503
0.0484607
-0.1025
-0.112128
0.845838
-0.941072
0.0403952
-0.15933
0.0668647
-0.351582
1.14387
-0.32688
0.0638955
0.204747
-0.880117
0
-0.0342575
-0.741051
-1.17676
-0.396792
-0.753772
-0.0601606
0.376115
-0.246327
-0.855161
0.546701
0.0806713
1.2285
0
-0.0237732
0.197177
-0.154927
0.717817
0
0
1.0306
-0.615687
-0.243745
0.509206
0.230673
0
0.0934867
0.228164
0.411606
1.81744
-0.16627
0.491908
-0.346128
0.197444
0.120286
0.397465
0.857822
0.0413251
2.32557
-0.0598323
0.107607
-0.200438
0
0.487349
-0.124623
-0.112149
0.0624056
-0.130412
-1.87093
-0.0732838
0.294358
-0.122371
1.00473
0.344549
-0.211753
0.784456
0.863111
0.111893
-0.198877
0.396976
0.0623555
0.391461
-0.150085
0.122808
0.247884
-1.18356
-0.0878623
1.42615
-0.214083
0.732779
0.694086
0.710693
-0.0624725
-0.174702
-0.575628
-0.116332
0.273053
-0.149588
-1.19559
0.304034
-0.150965
0.375021
-0.0948525
-0.513276
0.302723
-0.613777
0.0343651
-1.35958
0.498171
0.21899
1.17004
0.16918
0.261898
0.93333
0.368273
-0.573001
0.533626
0.164252
-0.809702
0.183976
-0.693486
0.169739
-0.534518
0.260555
0.216883
0.0847517
-1.29062
0.0628827
-0.0909055
0.468636
-0.216101
-0.830579
-0.900247
-0.955233
0.752142
0.206802
0.107788
0.814338
-1.18459
0.167262
1.35612
-0.568539
0.583637
-0.965379
-0.296133
-0.194925
-0.134346
-2.59369
-0.265515
-0.182182
-0.158019
0.561029
0.351809
-0.337606
-1.23905
-0.447437
0.2875
-0.167829
0.320569
-0.120137
1.10116
-0.571486
0
-0.645541
0.417211
0.132839
-0.769351
-0.389193
-0.138479
-0.256175
-0.432298
2.25543
-0.251892
-2.33641
0.042675
0.12038
0.381179
0.0618705
0.208049
-0.01643
-0.0913218
0.118916
0.0223203
0.124278
-1.39182
-0.0632383
0.0346328
0.392638
-1.20872
-0.0941774
-0.619765
0.435611
0.485092
-0.211916
-0.1394
-0.940156
-0.877749
-0.813728
-1.36763
-0.787964
0.187557
0.345151
-0.581317
-0.129671
-0.142529
0.261069
0.161416
0.350368
-0.248378
0.388059
0.670835
0.0406811
-0.125235
-1.17071
-0.110447
0.196045
0.431563
0.0157068
-0.700315
-0.231351
-0.702609
-0.419209
0.040515
-1.08858
0.367349
-0.310638
-0.117795
-0.113618
-0.879728
-0.254228
0
-1.85423
-0.140726
0.453325
-0.134266
1.31038
1.5317
-0.20324
-0.0600615
-0.0158527
0
-0.0558661
0.756937
0.351034
-0.660224
0.0586507
-0.545766
0.254599
0.125278
-0.205106
-0.148949
-0.143303
0.356394
-0.137303
0
-0.623173
-0.110029
-0.0589044
-0.19094
0
-0.128561
0.258596
0
0.935977
-0.323096
-0.38772
0.0602205
0.0373525
0.0414602
0.699782
-0.051474
0.0417385
-0.0705037
-0.432977
-0.375919
-0.216576
0.0827853
-0.180751
-2.18332
-0.516508
-1.00396
-0.082662
-0.436633
-0.114226
-0.373607
0.625299
-0.223783
0.123565
-0.390449
-0.118101
0.159038
0.0682636
0.406947
-0.0634132
-0.151475
0.0620859
1.58409
0.10333
-0.411128
-0.474891
0.864566
-0.157971
-0.189395
-0.395088
-0.375631
-0.999244
0.814642
0.698702
-0.0385906
-0.187637
0.371332
-0.604919
-0.0447125
0.0600214
-0.0384013
0.573651
0.0326906
0.0585341
0.0861867
-0.0882901
0.18404
0.197152
0.0605727
0
0.291501
-0.967055
-0.0902241
-0.676682
0.35908
-0.0532774
0.598667
-0.298971
-0.0358362
-0.146664
0
1.7069
-0.106984
0.965379
-0.081284
-0.397808
-0.0567341
0.416716
-0.119132
-0.201933
-2.22739
-0.543719
0.881121
0.0407831
-0.787198
-0.122572
0.284285
-0.21116
-0.0177878
1.18584
0.562503
0.125759
-0.332546
0.370494
0.389442
0
-0.148149
-0.18428
-0.193517
1.07625
-0.131857
0.702456
0.780171
0.184672
0
0.193398
-0.115215
1.77699
0.701843
-0.0503715
0.260245
0.107936
-1.24101
-0.0998514
0.175721
-0.81381
-0.33111
0
-0.259191
-0.356
1.40813
-0.402854
0.59252
0.761993
-0.14026
-0.202021
-0.180319
-0.139241
0
-0.900268
0.202794
-0.393979
-0.13217
-0.0380453
-0.215965
-0.210763
0.258513
0.0772565
0.117748
0.113212
-0.579027
-0.227346
-0.0865825
0.305348
0.196756
-0.170659
0.453797
-0.0794329
0
0
-0.219229
0.16064
0.342911
-0.0425816
0.0567226
0.458312
0.501403
0.422293
0.136255
0.0994486
-0.769986
-0.38326
-0.147724
-0.138686
-0.38867
-1.22117
0.0914654
0.042077
-0.288585
0.4847
0.0934322
0.191205
0.463461
0.260626
-0.108187
0.550499
0.875754
0.0940787
0.363505
-0.143487
0.448532
-0.422293
0.175454
-0.142485
-0.109033
-0.531398
-0.399123
-0.237828
0.128049
0.527009
-0.767006
-0.238828
-0.187093
-0.808155
-0.484324
0.0788389
0.266609
-0.0660902
-0.509305
0.562607
-0.79946
0.912275
0.0685064
2.81561
0.279003
0
-1.74001
0.0592864
1.11384
-0.0559577
-1.19288
-0.0823404
0.216985
-0.0444638
0.117546
-0.367147
0.941072
-0.0848154
-0.0328858
0.351099
0.325886
0.333525
-0.532307
0.120459
1.16769
-0.225259
-0.161819
-0.504854
0.233019
0.127685
0.795947
-0.583073
0.0424137
-0.0586788
0.276445
-0.601725
-0.284127
-0.387044
-0.0454706
0.459219
-1.3564
-0.27977
-0.108148
-0.145749
-1.09451
0.0397779
0.840244
-1.50721
2.08053
-0.300919
-0.567476
0.421888
0.0680992
0.015237
-0.0988778
-0.382225
0.288457
-0.161293
-1.08682
0.0802795
0
-0.149679
0.0655356
-0.135688
0.128569
0.375782
-0.200746
-0.235633
0.00551269
-0.124282
0.187677
0
-0.25999
0.0787478
-0.249107
-0.0954231
0.618381
0.828029
0.161757
-0.0570931
-0.958521
-0.0538901
0.18418
0.177864
-0.518885
-0.119656
-0.374911
0.0818771
-0.68844
-0.0284995
0.428427
-0.122316
0.0317373
-0.0776536
0.0908819
-0.456172
0.110336
-0.0921597
0.131211
-0.59992
0.740678
-1.58433
-0.163324
0.522059
0.485994
-0.204955
0.0406209
-0.0897082
-1.26311
-0.108524
-0.359999
1.14089
0.63105
0.0772971
-0.022584
0
1.2189
-2.17046
1.56502
0
-0.987503
-0.20372
-1.01335
0.921451
0.127053
-0.272484
0
-0.17637
0.127895
1.99358
-0.32683
0.164802
0.06707
0
-0.0628912
0.467122
-0.365444
0.151085
0.225111
1.10259
-0.0383319
1.13947
-0.22328
1.03452
-0.24692
-0.599021
0.420569
1.23213
-0.644493
-0.2174
0.285991
0.0289732
-0.0106387
-0.245908
-0.0600722
0.0446597
-0.185962
0
-0.163613
0.600521
1.65419
0.0549377
-0.688496
0.687585
-0.0664168
-0.0578953
0.165776
0.773655
-0.0324714
0.530759
0.108519
-0.410745
-0.213684
-0.0977053
0.190678
-0.103745
0
0.0119322
0.168318
-0.337728
-0.211623
-0.0373557
-0.0779584
-0.219688
-0.045195
-0.44637
0.47603
0.370502
-0.0739561
1.44651
-0.0647666
0.34845
-0.214453
0.0600756
-0.0763134
-0.728021
0.202825
-0.481727
0.0830305
0.119666
-0.0524508
0.446472
0
-0.0615892
-0.0274541
0.407131
-0.195145
0.0377728
0.0404764
0.412655
0.13126
-0.0716151
-0.24262
-0.131006
-0.815089
0.187474
-0.109251
0.192348
0.147878
0.0731074
-0.623505
0.918984
0.945236
0.114062
-0.205264
-0.356579
-0.0829467
0.374585
-0.209597
0
-0.132763
-0.551289
-0.100596
0.237529
-1.09073
0.712504
0.354427
0.0693872
0.040508
-0.546936
0.717978
0.495493
0.251715
-0.533264
0.30795
0.158347
0.219613
-0.192215
-1.70798
-0.0437164
-0.141654
1.53403
1.04119
-2.00367
-0.0675823
-0.650554
1.16284
0.432124
-0.286955
-0.0716825
0.0977694
-0.50382
-0.164232
-1.08458
-0.0286447
-0.0316324
-0.203001
-0.0342885
-0.187498
-0.155185
0.318564
0.25492
-0.173385
0.044664
-0.0680197
0.240542
0.298933
0.254723
0.217122
0.529502
0.0947559
-0.241261
0.920515
-0.146896
1.65023
0.112241
-0.0949012
0.307531
-0.376886
-0.127536
-0.765415
-0.172312
-0.0670507
-0.0839034
0.37497
-1.1632
1.09639
-0.290009
2.24113
0.468291
-0.0410643
0.0984453
0.0691914
-0.0687659
0.130392
-0.172446
0
1.4755
1.02208
0.64028
-1.20556
-0.0284208
-0.21627
0.541599
-3.62176
0.447814
-0.13954
0.108019
0.069431
0.319194
0.195372
0.126453
-0.366586
-0.336276
-0.523341
0.338615
0.0544014
-0.18107
0.727706
0.17798
0.112164
-0.138293
1.47613
0.399194
0.204006
0.0637981
0.354799
-0.264206
-0.105472
0
0.0691567
-0.698316
0.42297
0.140731
-0.0304734
-0.568252
0.0546151
0.125623
-2.91226
0.0227438
-1.49395
0.432165
-0.271858
0.0851723
-0.140769
0.0497959
-0.279195
-0.262471
0.338557
-0.964841
0.0242157
-0.21743
-0.245621
-0.0487003
0.179972
0.0378764
-0.0644837
-0.0746623
-0.0717488
0.171758
-0.216984
0.579281
0.0299856
0.120622
0.574924
-0.556553
0
0.110909
0.066244
-0.150312
-0.0487769
0.225181
0.0572538
0.113426
-0.254087
0.369496
0.19215
1.86713
-0.398987
0.135201
1.23274
0.0813724
0.140584
0.102699
0.0404506
0.580533
1.19733
0.116084
0.252588
-0.0533738
0.179319
-0.154256
-0.240231
-0.0890559
-0.27189
0.378231
0.0359388
-0.406211
0.29402
-0.112675
0.064573
-0.390908
0.371944
-0.107811
0.0477038
-0.497467
-0.0540107
-0.704191
-0.0613945
-0.267861
0.262517
-0.200002
0.620923
0.265366
-2.12989
2.74951
-0.100335
-0.532307
-0.382679
-0.111332
-0.141413
-0.591692
-0.115146
0.105879
0.275366
-0.368905
-0.515453
1.23904
0
-0.857822
0.316286
-0.104024
-0.0154245
-0.100076
0.622116
-0.0517104
0.47836
-0.223934
-1.18083
0.0931871
1.09247
0.0147883
0.324763
0.206731
-0.178361
-0.048005
0.129187
-0.564518
0.0400071
-0.132463
0.0348267
-1.03321
-0.590484
0.0732915
-0.072328
0.51164
0
-1.80407
0.00744455
0.234028
-1.34567
0
-0.207611
0.142383
0.239912
-0.0394593
0.165788
-0.232453
0.863111
-0.237949
0.980063
0.418677
-0.0770711
0.0567065
0.0441022
0.527009
0.172379
-0.16506
-0.370717
-0.064157
-0.0808304
0.201549
-0.0389841
0.0720855
-0.253065
0.635947
0.0215613
0
-0.206184
0.253241
1.62644
0.106477
-0.719694
-0.043885
0.0526842
0.0554365
0.0675825
0.0297315
-0.0463478
-0.0300786
0.727429
0.85252
-0.0648155
0.0776647
-0.134441
-0.0595968
0.132268
-0.137697
-0.404519
0.0233155
-1.47955
-2.29019
-0.071917
-0.152569
0.121556
0.0636301
0.105911
-1.40203
-0.841693
0.0896736
0.79238
1.04523
0.21978
-0.210718
0.707785
0.0727399
-1.50968
-0.198199
0.290875
0.112988
-0.101415
-0.0398515
-0.0621317
0.142924
-0.272454
0.0251427
0.0284048
-1.9156
0.5546
-0.212187
-0.112543
0.139082
0.0375312
-0.112582
-0.0438589
0.0819267
0.305317
1.37894
0.390649
0.585717
0.168618
0.162464
0.142345
-0.122756
0.01566
0.156458
0.210481
-0.0318869
-0.108095
-0.0801713
-0.150703
-0.311659
-0.157809
-0.730828
0.408339
-0.00932105
0.0374446
-0.125714
0.271156
0.577453
-0.194109
0.157077
0.044176
0.100567
1.3706
0.179705
-0.0527916
-0.0412034
0.106197
-0.167242
0.127068
0.0982374
-0.216814
0.194595
0.426491
-0.326971
-0.0619329
0.154594
-0.0693025
-0.024639
0.284974
-0.04529
-0.639653
-0.0393881
0.181619
-0.97459
0.0500417
-0.0425078
-0.101386
0.155372
-0.389421
-0.374811
0.176298
0.0181435
-0.20038
-1.74431
0.279936
-0.128641
0.0722532
0
0.966347
0.647571
0.141661
0.243603
-0.51381
0.607728
-0.478386
0.0612358
0.15882
-0.177056
-0.0188194
0.0292701
1.51886
-0.0355104
0.0405068
-0.186274
-1.28313
0.0312812
-0.0841744
-0.156211
0.538255
0.0919231
0.361441
-0.0993636
0.215007
-0.382942
-0.390826
0.0188666
0.690879
0.10942
0
-0.0996048
0
-0.0252065
-0.0423316
0.0276537
-0.22248
-0.872114
0.431416
-0.131335
-0.807816
0.595933
-0.0965418
-0.370502
-0.0949347
0.621459
-0.556317
0.174219
-0.457627
-0.0807039
0.0403607
0.187245
-0.0252759
0.278859
-0.095384
-0.120972
-0.069456
-0.226339
-0.124206
-0.0506962
-0.0297473
0.0709475
-0.0913158
-0.274756
-0.042361
-0.425425
0.129998
-0.510623
-0.041275
0.819314
0.0500131
-0.956487
-0.103668
0.0894954
0.180307
0
-0.0290357
0.119114
0.0707652
0.258599
-0.462188
0.221297
0.529641
0.220952
0.0541508
0.00873886
0.454697
-0.493222
-0.054262
-0.20252
1.46305
-0.0204984
0.0973534
-0.195468
0.214334
1.01099
-0.161124
0.162141
0.779072
0.139516
0.0216481
-0.75834
-0.139386
0.17068
0.22077
-0.00883363
-0.206059
0.209311
-0.187596
-0.106339
0.731044
-0.00259401
-0.0545904
-0.312853
-0.172914
-0.0499256
0.0956192
0.532285
0.043804
-0.102374
0.117123
-0.12949
-0.390152
-0.206833
0.289638
0.0896045
-0.308935
0.0715577
0.031399
-0.0755909
-0.142646
-0.234586
-0.0196012
-0.0501602
-0.193292
-0.465779
-0.0691949
-0.0905518
-0.0796593
0.195583
-0.0478458
-0.0395648
-0.0336903
0.299328
0.762916
-0.678047
-0.279655
-0.123825
-0.0153563
0.122049
0.176056
-0.0130081
-0.0250895
0.0450088
0.0429765
-0.0452403
0.570919
0.794391
-1.45659
-0.158512
-0.0743779
-0.261224
-0.253596
0.30823
-0.391333
0.0642614
0.173278
0.342458
0.0918825
-0.939004
0.164795
0.0741937
-0.130144
0
-0.198737
0.0410836
-0.0776493
-0.15637
-0.00953459
0.0569924
-0.0530512
0.028046
-0.627192
-0.168597
0.0948636
-0.12601
-0.266061
0.112255
-0.768715
0.0701323
0.149327
-0.106016
-0.0717414
-0.282331
-0.0401488
1.94754
-0.0727535
0.021826
-0.191152
-0.524855
-0.120983
0.772938
-0.111003
0.137648
-0.128542
0.0860169
0.152778
-0.12756
-0.0454475
0.0710846
0.218878
0.188188
0.222666
-0.260515
0.0926244
-0.0548647
0.405149
0.0196738
-0.434856
0.459897
0.173109
0.25389
-0.113961
-0.0142025
0.0162362
0.247571
0.566908
0.400609
0.13486
0.105511
0.07106
0.276225
1.23099
0
0.0354041
0
0.379445
-0.63763
-0.0667785
-0.195642
-0.732254
0.0131824
-0.243702
-0.179295
-0.111981
0.075206
0.079974
-0.125725
0.0433241
0.13876
0.230348
-0.281603
0.193125
-1.63258
-0.672084
1.33594
0.600257
0.284669
-0.0396034
0.540813
0.116339
0.0479788
-0.690918
-0.533846
0.0692017
-0.081235
-0.569866
-0.0647915
-0.15376
0.0776397
-0.176406
-0.486725
0
0.577758
0.130107
-0.414279
-0.0821902
0
2.15509
0.567315
-0.429425
0.333121
-0.0259749
-0.29032
-0.0376887
0.334619
-1.28465
0.154228
0.976338
-0.321664
-0.266192
0.237099
0.0376299
1.51928
-0.231837
0
-0.045673
1.02492
0.0368384
0.143162
-0.253162
-0.0082363
-0.153926
-0.107354
0.411767
0.163439
-1.20591
0.56899
-0.0397937
0.209459
-0.692478
0.552662
-0.0323543
-0.156199
0.0765803
0.0424394
0.0573341
0.036419
-0.310346
0.484888
-0.0588866
-0.538303
-0.263728
-0.211234
-0.141654
-0.536352
0.198737
0.204534
0.113321
0.0731077
0.0363503
-0.039897
-0.143395
-1.33317
-0.882733
0.0844276
-0.154234
0.0142424
0.383518
-0.0583217
0.901405
0.126383
-0.70015
-0.542959
-0.093212
-1.11956
0.613769
0.711183
-0.0659633
0.187418
0.0427692
-0.145894
0.619822
0.105609
0.0607992
0.0448046
0.379553
0
0.0188636
0.0158401
0.0253521
-0.131496
-0.101994
-0.0283857
0.0189902
0.00720039
0.246645
0.0846868
0.487025
-0.029722
0.0915638
0.0272414
0.0474305
-0.0343939
0.102319
-0.165878
-0.189314
0.142435
-0.1647
-0.0391777
-0.0994017
1.13962
-0.0758595
0.16369
-0.0867778
-0.011922
-0.83991
-0.0359973
-0.402512
-0.0668423
-0.0391482
0.536544
-0.403983
0.0932445
-0.404439
0.430684
0.0414291
0.0338457
-0.500682
0.624295
-0.176933
0.0883087
-0.0786364
-0.108187
-0.910384
0.137753
-0.0421112
-0.0693803
-0.184598
-0.197269
-0.242644
-0.0736916
-0.118184
0.0734378
0.722812
-0.0307532
-1.00174
-0.25589
0.0350003
-0.205234
0.201194
0.189831
-0.37513
0.0165004
0.0177086
-0.0867052
0.101363
-0.12832
-0.322116
-0.0339978
0.121822
-0.0349104
-0.0665219
-0.0163093
1.38133
0.136206
0.120559
0.0676707
-0.169078
0.066875
0.0792616
-0.0299225
-0.870056
0
-0.126248
0.269113
0.0903175
-0.324244
-0.0956702
0.0647375
0.351087
-0.106746
-0.498749
-0.177773
-0.203975
0.131162
-0.0404315
0.545873
-0.108617
0.0111001
-0.077387
0.0665654
0.116605
-0.142034
0.062189
-0.307544
0.0725793
0.0460888
0.302998
0
0.0856423
-0.0219195
-0.286412
-0.166768
0.0950462
0.208586
0.123463
-0.0173907
0.200535
0.0228134
0.139764
-0.042753
0.027066
-0.0768994
0.0677727
-0.0104527
-0.20318
-0.356196
-0.0368685
-0.631673
-0.0457701
0.0162331
0.45079
-0.0531204
-0.0432782
-0.0805179
-0.045032
-0.956941
0.130026
-0.0436251
0
-0.0324143
-0.255726
0
0.0443342
-0.0809615
0.0338826
-0.0214694
-0.365743
0.0408569
0.0827894
0.174377
0.0887686
0.133284
0.0990939
-0.0227423
0.419399
0.0551016
-0.200688
-0.111385
-0.1464
-0.0325714
-0.998568
-0.0423854
0.140143
0.0860646
-0.768681
0.162807
-0.179687
0.0186643
-0.129606
-0.0326779
-0.0941511
0.578528
-0.139198
0.0195654
0.0607625
0.23242
-0.248438
-0.0906459
1.95692
0.759452
0.66476
-0.208426
-0.410016
-0.450065
-0.217053
0.0631954
0.022733
0.443115
-0.501998
-0.327386
-0.0831888
0.132007
0.0667689
-0.702124
0.501221
-0.0483399
0.0698554
0.00338743
-0.0501608
0.337644
0.0720893
0.0378446
-0.0261855
0.0458571
0.0492578
0.120182
0.189814
-0.235078
0.0739586
-0.423513
0.131075
-0.0694148
0.116612
0.0841901
-0.0446918
-0.45894
0.111045
-0.0845996
0.0273735
0.0129476
-0.0769989
-0.0515547
-0.461912
0.190836
-0.0192012
-0.0812059
-0.421934
0.0435745
-0.023751
-0.0319576
1.08814
-0.016213
0.0196669
-0.530759
0.0971832
0.0563283
0.0597794
-0.0463986
-0.693982
0.0509494
0.0458819
0.313679
0.274268
0.047157
0.0863306
-0.0600935
-0.145565
0.252065
0.0314921
0.0663663
-0.335989
-0.0607094
-0.115602
-0.207861
0.531917
0.0818052
-0.0430696
0.0634046
-0.0727459
0.0860569
0.0285355
0
0.0639177
-0.103599
-0.111394
-0.125629
0.035081
-0.0494093
-0.09558
0.0827109
0.0416387
-0.00867508
0.174022
0.1299
0.153208
0.127847
1.22698
-0.155713
0.231677
0.0900209
0.00895843
-0.343113
-0.032654
-0.449971
0.0147444
-0.545057
-0.11029
0.0752409
0.00814312
0.0560452
-0.14837
-0.0495244
0.0920443
0.0140917
-0.0829716
0.118931
0.103572
-0.068793
0.0453929
0.0610513
0.0500287
-0.0578273
-0.0747285
0.475722
-0.063144
0.170706
-0.124343
0
0.0673771
0.143796
0.148857
-0.0669383
0.0263501
0.153145
-0.833085
-0.0691496
-0.363559
0.0647225
0.0810128
-0.0758453
0.724275
0.327372
0.123701
0.00782443
0.0670797
0
-0.696499
-0.0324639
0.0443595
-1.45242
0.0958231
0.385019
-0.0297403
-0.302685
0.0865547
-0.0573389
0.0956231
0.196924
0.105322
0.0101173
-0.0837374
0.116407
0.0296019
-0.0738531
0.387269
0.0217706
0.0144404
0.044734
-0.0818983
0.00431645
0.519127
-0.0920564
-0.0426961
-0.0278114
-0.00835917
-0.221877
-0.0326961
-0.125505
-0.162692
-0.258766
-0.156345
-0.185983
0.0743008
0.0293456
0.187215
-0.247066
0.535759
0.0588816
0.124356
-0.0637603
-0.0513007
0
0.0692806
-0.0436346
-0.101608
-0.160635
0.029411
-0.148478
-0.0287944
0.22809
-0.0275257
-0.164317
0.0312414
-0.0202074
-0.0475442
0.888559
0.0911608
0.0352809
-0.0425841
-0.108429
0.106967
-0.135542
0.17619
-0.372427
0.0184808
-0.500815
0.178001
-0.0714669
0.045612
0
-0.0872911
0.237273
-0.787205
0.109418
0.067596
-0.223896
0.708956
0.143527
-0.429634
-0.0355048
-0.149022
0.00812295
-0.0368717
-0.0359646
-0.12919
-0.0790618
-0.074858
-0.0479852
-0.177541
0.0674682
0.269977
-0.141744
0.184255
-0.101488
-0.113157
0.0644391
0.0561921
0.0146492
-0.0491762
0.101326
0.231153
0.0684091
-0.0420327
0.217837
0.279398
-0.0515959
0.0320058
-0.0383382
0.0606357
0.175411
-0.0169941
-0.799053
-0.0127049
0.147005
0.0330614
-0.130217
-0.0510242
-0.0696118
-0.0126103
0
-0.596501
1.01188
0.0137949
0.00702471
1.97248
-0.015212
0.690083
0.081762
0.0110248
0.00999552
0.0402945
-0.127732
-0.152101
0.0700553
0.0249362
-0.0197526
0.0332546
-0.0913278
-0.264524
0.0403538
0.0810834
-0.0551327
-0.0240423
-0.160564
-0.326439
-0.0666142
0.0393514
0
0.0532458
0.0802174
0.0388416
0.0223937
0.0689621
0.113331
0.0246794
0.0287908
-0.0459241
0
-0.0982444
-0.00419375
-0.994464
0.0652342
-0.128451
0.0245607
-0.106836
0.044268
0.0288033
-0.00764615
-0.420297
-0.0231217
-0.0450973
-0.0929883
-0.265108
0.112997
0.0590781
0.0555624
0.127311
-0.0807528
0.0250015
-0.447393
0.18265
-0.277663
-0.00981923
-0.14215
-0.0881584
0.036789
-0.0298603
0
0.031569
0
-0.560753
-0.147685
-0.0593187
-0.0224746
-0.702919
-0.0293473
-0.0877574
0.0716932
-0.0318091
-0.311362
0.0352542
-0.0425297
-0.0219583
0
-0.101238
0.00641665
0.0412678
-0.0582228
-0.0362252
-0.0449584
0.119047
-0.0334533
0.0435138
-0.0326843
0.0249104
-0.0396079
0.174307
0.0950419
0.195935
0.202762
0.0932897
0.0803059
-0.160435
-0.0111828
0
-0.0466057
0.0354381
-0.0287963
0.0298934
-0.0915914
0.181028
-0.0897543
0.126571
-0.0909785
0.0235695
-0.0110799
-0.020907
-0.014676
-0.0591395
0.0258651
-0.0148939
-0.0354023
-0.0205888
0
-0.0941957
0.176104
-1.20678
-0.0183962
0.803612
-0.122615
0
-0.0631786
-0.227436
0.140215
-0.0234368
1.3075
-0.0265111
-0.034448
-0.0568818
0.0185425
-0.0460503
0.0275142
0.111751
-0.153212
0.0349767
-0.294148
0.438735
-0.0837826
0.00748093
0.0338711
0.0373527
0.00495906
0.0551106
-0.0643184
0.120566
-0.0438768
-0.615747
-0.0272972
-0.109003
-0.0959545
-0.103261
0.585746
-0.231929
-0.300653
-0.0294326
-0.0974486
0.0583948
-0.0784824
0.0669813
-0.0535631
-0.0445369
-0.0469068
-0.0377675
-0.0300101
0.136118
-0.0382916
0.0143427
0.875784
-0.0572465
0.0256043
-0.0369404
-0.0271795
0.0189675
0.0363731
-0.0394348
-0.0420024
0.0539982
-0.0116637
-0.0780179
-0.132561
-0.0267242
-0.932679
0.110499
-0.0377833
-0.0889424
-0.0315983
-0.00927277
-0.285557
-0.0473486
0.151028
-0.120643
-0.0546373
0.0283672
0.136952
0
0.0999724
0.023463
-0.0995485
-0.537796
-0.0705002
-0.161802
-0.0669704
-0.376886
-0.120538
-0.0503244
0.0203636
0.123431
-0.0644659
-0.0224188
-0.0237172
-0.0276401
-0.0452256
-0.161149
-0.140231
-0.0150523
0.279229
-0.0121783
-0.0250173
0.0195234
0.0216103
0.104878
-0.228545
-0.357755
0.0586519
-0.0345513
0.031594
0.0760658
0.0360034
-0.0501012
-0.0326613
0.074419
-0.0154613
0.023432
0.0756876
0.208012
-0.1863
0.0458928
-0.0764847
-0.018644
0.0584383
-0.4806
-0.0374572
-0.00461408
0.186358
-0.0322388
0.0802081
-0.0350894
-0.0877448
0.0252465
-0.0639804
-0.0163901
0.129417
0.110756
0.0753765
0.12255
-0.0420327
-0.0167847
0.00682084
-0.0480061
0.596046
0.216822
-0.00857828
-0.0200678
0.0357077
0.00920987
-0.145267
0.0255326
-0.015127
-0.0906222
0.017073
0.0234694
0.0929098
0.0725207
-0.0978202
0.120668
-0.0096767
1.02295
-0.28216
-0.0416102
-0.0316948
-0.0388308
-0.0221184
0.412595
0.207057
0
-0.0917385
-0.024605
-0.111359
0.0598058
-0.0725402
-0.070933
-0.146614
-0.121102
0.100945
-0.0641967
-0.014638
-0.0267894
-0.0147365
-0.0682428
0.0232322
-0.199813
0.0636696
0.0409208
-0.0331923
0.484479
-0.302416
-0.041138
0.108782
0.529633
-0.144961
-0.0496668
0.114149
-0.0301478
-0.0311203
0.0176125
0.277719
0.232202
-0.156546
1.23546
-0.0710704
0.016468
-0.0142145
0.0565803
0.353724
-0.037931
-0.110878
0.111071
-0.0165088
-0.772617
0
0.0512627
0.135024
-0.0523116
0.0262065
0.0192732
-0.816234
0.0111823
0.0235938
0.0445091
0.053484
0.0224537
-0.066652
-0.0276206
0.374585
0.0358853
0.0407843
-0.0165558
0.0471587
0.0217331
-0.0551958
0.0863457
-0.0556886
-0.0477935
-0.0397361
-0.383086
-0.0488351
0.0616186
-0.128265
-0.0961462
-0.0544947
-0.102781
0.0275119
-0.750409
0
0.0232906
-0.156141
-0.479065
-0.0298826
-0.176437
-0.0165268
0.0948267
-0.0109414
0
0.0571688
0.110309
-0.0306583
0.476135
0.0429264
0.0284214
-0.0156523
-0.0262282
-0.00661463
0
-0.0159046
0.147351
0.0268516
-0.115166
0.0334357
0.0295977
-0.0882971
-0.0883627
-0.378214
0.0243007
-0.0133782
-0.433347
0.0485162
-0.10427
-0.680688
0.0111751
0.0107383
0.0426139
-0.0211528
0.0235909
-0.031649
0.143502
0.0144166
0.337878
-0.103146
0.337039
-0.123582
0.6366
0.0405408
0.0607187
0.0387512
0.0102908
-0.0738157
-0.0311724
0.0236828
0.0199518
-0.0211925
-0.0260747
0.020698
0.510775
-0.076887
0.0460761
-0.396029
-0.170642
-0.0795369
0.0588717
0.00838597
0.0722234
0.0272377
0.0749825
-0.0436705
0.152084
0.0351048
0.0121346
0.0150476
0.0506752
-0.0310808
-0.264311
0.0837374
-0.442559
-0.0116456
0.0264783
-0.0458406
-0.0251384
0.00295952
-0.0843951
0.0318541
0.011342
-0.0539057
0.0590695
0.0221576
-0.0220465
0.0780508
-0.159422
-0.416509
-0.0793156
-0.0654804
0.0294289
-0.240155
-0.0372671
-0.0308423
0.165286
0.976115
0.455378
0.0750241
0.139505
0.512179
0.0819516
-0.0488533
-0.0478563
0.316434
0.0276019
0.0146967
0.0291314
0.0864139
0.0107823
0.0317509
-0.017799
-0.0539618
0.0542568
-0.0411441
-0.0460322
-0.105231
-0.0168453
0.135952
-0.0141894
0.00986038
-0.143733
-0.0484475
-0.012616
-0.10248
-0.0147091
-0.0112758
0.111433
1.6934
0.265784
-0.0694918
0.0110883
0.0871386
-0.0759236
0.0503008
0.0274582
0.0357295
-0.018787
0.0117439
-0.182385
-0.0694408
0.16077
0.0475902
0.0299985
-0.0114199
-0.0158256
0.0102705
-0.0114529
-0.140284
0.10937
0.022238
-0.754104
0
-0.318818
-0.0215854
-0.159293
-0.179534
-0.0404073
0.0268588
-0.0503969
0.0422496
-0.120657
-0.340927
0.0688777
-0.0388279
-0.0727772
0.0341671
0.00696311
-0.0448001
-0.0153061
-0.0338359
-0.0226044
0.0225794
0.0318339
0.0183405
0.0662971
0.0144159
0.104311
-0.0542264
0.0384499
-0.133055
-0.0210587
0
0.014171
0.0268134
0.0257131
-0.0267677
0.117352
-0.0245201
0.0220654
-0.0524998
0.251984
-0.08069
0.0567848
-0.0309272
0.0489734
-0.0624223
-0.0443412
-0.0316146
-0.0143808
-0.0436239
-0.0744519
-0.0322662
0.0420238
-0.162229
-0.0336917
0.0327769
0.348098
-0.0244334
0.0277444
0.0106248
0.160139
-0.00767994
-0.235094
-0.00709314
-0.0307075
0.106696
0.0250967
0.118829
0.148085
0.0149378
0.0964785
0.012599
0.0539553
0.0400404
-0.582192
-0.010696
-0.0242252
0.0152692
-0.0233664
-0.137908
-0.0200147
0.0326983
-0.538132
0
-0.0886207
0.27454
0.137038
0.0883435
0.0397607
-0.0471224
-0.132915
-0.0604844
-0.0685761
-0.0139385
-0.142918
0.0456908
0.0208603
0.0503189
0.0796054
0.0343668
0.106787
0.197989
0
0.110276
-0.00617709
0.145103
-0.0200583
-0.544122
0.0214369
-0.0485583
-0.118748
-0.0351909
0.0495491
0.0133731
0.018948
0.074024
-0.0136802
0.0370295
-0.00324138
-0.163748
0.240051
-0.0276648
0.0314916
0.0287822
0.0182603
0.0271484
-0.0302813
-0.0498438
-0.0302139
0.0527368
-0.201011
0.130685
0.0108551
-0.0177342
-0.0109671
-0.0625844
0.851566
-0.0111348
-0.0254809
0.0710918
-0.0117822
-0.0798506
0.03979
0
-0.263474
0
-0.414145
0.0948614
0.105089
-0.0134736
0.0324196
0.0132696
-0.0870437
-0.0128866
0.0171939
0.0303366
-0.0528335
-0.0694704
0.0681572
0.00602084
-0.0395428
0
-0.415473
0.0168825
0.0374343
-0.0308692
-0.0542305
-0.197694
-1.43017
0.0157763
-0.0176042
-0.0428318
0.0258559
0
0.0424961
-0.0679206
-0.110599
-0.0216297
-0.159177
0.011415
-0.0875154
-0.0417393
-0.0338934
-0.0176574
0.0189122
-0.0184765
0.0737551
-0.22449
-0.0225379
-0.0258887
-0.112289
0.0257415
0.0442709
0.0512939
0.0315577
0.0108044
-0.0129378
0.0251839
0.0165092
0.0719334
0.0375864
0.194922
0.0121285
-0.0424884
-0.00494702
0.0247553
0.0315835
-0.0634276
-0.033666
0.0161168
0.0167431
0.0133139
-0.0663159
0
0.0174714
-0.0873109
-0.150998
0.0729891
0.116096
-0.0245681
0.00448247
0.0640847
-0.0256401
0.0435043
0.0744512
0.0220672
0.0259029
-0.34565
-0.0417742
-0.0449553
-0.0483534
-0.099934
0.716407
-0.0848257
-0.121802
0.0116387
0.0243264
-0.185989
0.0592936
-0.0183334
-0.00776355
-0.376343
-0.0290261
-0.971324
-0.037319
0.0587556
0.0194459
-0.0100369
-0.0851052
0.417294
-0.0516415
0.0674684
0
0.176101
-0.0399756
-0.134348
-0.0955628
0.103238
0.0394382
-0.114769
0.0311512
-0.0331768
-0.298408
0.032424
0.148465
0.17061
0.0103691
-0.0524275
0.0938386
-0.0509889
0.012475
0.0613681
0.0522314
0.0507822
0.0305639
-0.0267004
-0.0087081
-0.0433429
0.184107
-0.318879
0.192992
0
-0.0336933
-0.0712163
-0.0169719
-0.302648
-0.01854
-0.0663128
-0.0878077
-0.0129589
0.0618179
0.0497171
0.0677691
-0.0192859
0
0.0470202
-0.0100425
-0.0113906
-0.0160589
0.0350236
-0.0948021
-0.0153351
0.0186984
-0.038626
0.0893755
0.019752
0.102444
0.0230031
-0.00932347
-0.188477
-0.0830695
-0.023935
0.0855467
0.0391437
-0.0604717
-1.04745
0.0237522
-0.0297107
-0.051446
0.0937939
0.717055
0.032155
0.0136327
-0.0517429
0.0495771
0.0190622
0.0411529
0.0131795
0.00605649
0.0124538
0.0492542
0.11551
0.045109
0.0129545
0.018135
-0.0241476
-0.0460102
-0.0175005
0.395267
-0.0772556
0.0109344
-0.0460564
0.0151365
0.216477
0.0401842
-0.0632095
0.0119122
-0.00989935
0.0186953
0.0416722
-0.0430957
-0.0891924
-0.0570913
0.0180063
-0.041893
-0.039088
-0.0192033
-0.0407664
-0.0184299
0.0208289
-0.0565076
-0.674457
-0.0120499
-0.0167613
-0.0224901
-0.0156581
-0.0323909
0.0668584
0.02762
-0.0156731
0.0128089
0.00764687
-0.0124852
0.0585209
0.00697545
0.0318928
-0.0730276
-0.00871113
0.017043
-0.0353162
-0.111252
-0.125919
-0.0239166
-0.010462
0.0127026
0.0313351
0.0772074
-0.0680208
-0.0330981
-0.0192471
0.075383
0.0227857
0.192352
-0.00976342
0.22602
-0.00728481
-0.0131466
0.0145883
-0.0246564
-0.0342895
-0.0274155
-0.0640644
-0.0312399
0.0741977
-0.0333202
0.0126662
-0.021251
-0.115005
0.0455471
0.0378255
0.0363967
0.0207206
-0.0711104
0.0374507
0.0164236
-0.0742929
0.0316825
-0.0691093
-0.0241235
-0.0254724
-0.0393514
0.0565029
-0.0419997
-0.0866144
0.00860288
0.0627191
-0.0295725
0.0240303
-0.00871113
0.0232623
0.0273913
-0.128111
0.0213067
-0.0529094
0.00628205
-0.229651
0.072212
-0.0192337
0.0233499
-3.60059
-0.0522983
0.104971
0.0559265
-0.0433546
-0.0377833
0.0773365
-0.6156
-0.0193085
0.0196771
0.0248501
-0.03553
0.0252754
0.00362037
0.0301351
0.0339763
0.0782261
-0.0184559
-0.0175262
0.264533
-0.070422
-0.0315085
-0.143156
-0.0103668
-0.0169682
-0.0120616
-0.00862052
-0.0249362
0.0767387
0.133322
-0.0275753
0.0740326
0.0322432
0.195841
-0.0252556
-0.0326719
-0.187656
-0.186045
0.0346802
-0.0241301
0.086747
-0.0991713
0.0328156
0.0243028
-0.0485414
0.203911
0.15736
-0.127932
-0.0265403
0.0681979
-0.381086
0.0169086
0.0233975
-0.0745248
0.0176728
-0.0149462
-0.0276285
-0.0941808
0
-0.0159681
-0.00714571
-0.0529015
0.0253514
-0.0201399
0.00724335
-0.0289942
0.0148332
0.0749363
-0.0295071
0
0.00835467
-0.0499022
0.164038
-0.103519
-0.0224652
0.0233703
0.069146
0.294643
0.00833894
0.175613
0.0306442
0.0406657
-0.0422781
-0.449765
-0.088514
0.00983806
-0.0285361
0.0168098
-0.0581274
0.0457506
0.159312
0.100749
-0.0190596
0.0378052
-0.0842508
0.0189694
-0.0297615
-0.0257097
-0.0244112
0.0344901
-0.0366444
0.0133536
0.00772702
0.0289433
-0.0437027
0.064882
0.00280506
0.225628
-0.0107733
-0.0223766
0.00388334
-0.176664
-0.0102311
-0.0232612
0.0163522
0.0317589
0
-0.0810457
0.00508842
-0.0159997
-0.049931
0.601074
-0.0278496
0.0122483
-0.0213841
0.0685665
-0.0090107
0.134006
-0.0298189
-0.0151311
0.0215325
0.00964164
0.00764128
-0.018641
-0.00554439
-0.00568521
0.0688099
-0.00660263
-0.076998
0.0141241
0.0907145
0
0
0.0563967
-0.00883008
0.0438493
-0.0273032
-0.00493708
0
0.0056045
-0.207039
-0.269338
-0.0113023
0.036885
0.117552
0.0128143
-0.0192878
0.054239
-0.215022
0.0176517
-0.0956479
0.00371437
-0.048663
0.00639692
0.0101495
0.0224768
0.0254574
0.117042
0.0166496
-0.00956452
-0.150572
-0.00896796
-0.0284598
-0.0284987
-0.0047424
-0.0227972
0.04082
-0.00422842
-0.202906
-0.0118274
-0.0127523
-0.109178
-0.0228157
0.0408787
0.0143828
-0.0071385
0.0114603
-0.0489183
-0.0331546
0.112893
0.0843004
0.125172
-0.00686716
-0.00175606
0.0185237
-0.00672612
0
-0.0170128
-0.0259714
-0.0173515
-0.00559596
0.00540981
0.0127703
-0.0319545
0.0137012
0.0071028
-0.0109999
0.0803556
-0.0217696
-0.00801024
-0.00890619
0.0256937
-0.0603816
0.0098842
-0.00553107
0.0287093
0.0058028
0.0768972
-0.0193367
0.0533576
-0.0546523
0.00689646
-0.032897
-0.0511699
-0.0165606
-0.0129419
0.0080871
-0.00696525
-0.00307142
-0.0668967
-0.055246
-0.00805833
-0.102902
0.0534007
-0.00678098
-0.00951644
0.0185079
0.0829094
-0.0152171
0.0440038
0
0.0173762
0.0119258
0.0120917
-0.00535427
-0.00262521
-0.065923
-0.025584
-0.0251693
0.0278031
0.0148057
0.0207499
0.0100063
-0.00786621
-0.00646401
0.0660777
-0.0143234
0.0138265
0.00661872
0.0150637
0.0543416
0.031795
-0.0189656
0.00353182
-0.0123782
0.0528674
0.0885221
-0.122683
0.662248
0.00420568
0.0320627
-0.0151964
-0.0750026
-0.041753
-0.0107777
0.0242661
-0.0453171
0.027303
-0.103931
0.0843967
0.00623916
-0.0144188
-0.0100582
0.0066874
-0.0112113
-0.0116818
0.0718964
0.035982
0.0208222
0.00638995
-0.0153994
0.0280547
-0.00437161
-0.00938667
0.035372
-0.0253958
0.0668615
0.0139857
0.0152718
-0.110897
-0.0379504
0.010224
0.0154097
-0.0033975
-0.0171501
0.127156
-0.0410627
-0.00592705
-0.0738845
-0.0170018
0.0448027
0.0417489
-0.0625478
-0.0351213
0.0636268
0.00186059
-0.00490736
-0.0682475
-0.00431061
-0.0321987
-0.0313934
-0.0680263
0.00576796
-0.00651191
-0.0367359
-0.0126255
0.00566089
0.00427628
-0.00868605
-0.0112827
-0.0153549
-0.0452236
-0.00761762
-0.00903319
-0.0116265
0.0556306
-0.00775374
0.00659019
0.00658093
-0.00711437
0.0105792
-0.00806697
-0.0407498
-0.00867749
-0.0668582
-0.0169786
-0.0131316
-0.0202399
0.00915357
-0.010858
-0.0566643
0.0681756
-0.0375277
0.12688
0.0103637
0.0881674
0.0238186
-0.0530744
-0.0176145
-0.0601557
-0.00894686
0.0364435
0.00482391
0.101626
0.00555471
-0.0147084
0.00535239
-0.0103815
0.00749839
0.00787473
-0.0216729
0.00397808
0.00691811
0.0089349
0.0269068
-0.00393202
0
-0.0236211
-0.0205148
0.0138242
0.0302089
0.143288
0.0311006
-0.0113422
0.0213122
0.00537898
0.0266342
-0.0210573
-0.00539207
-0.00799327
0.0750232
0.00643338
-0.00980146
0.0881932
-0.014559
0.00851726
-0.00864558
-0.0213874
-0.00445639
-0.00592815
-0.00969237
-0.0982651
-0.0314218
0.00321644
0
0.0160456
0.0112152
-0.0243153
0.0494942
0.00211758
0.0425192
0.0260445
0.00836047
0.00330095
0.0473457
0.00563767
0.0035669
0.0145153
0.00406583
0.00382577
0.0868739
0
0.00575591
-0.00606534
-0.0108051
0.00541087
0.0112164
0.00593295
-0.003503
0.0118241
-0.00448405
0.00503005
0.019096
-0.0130475
0.0439837
0.0141961
-0.00906855
0.0694148
-0.00904464
0.0218965
0.0234271
0.0305334
-0.0173426
-0.0172029
-0.0283014
-0.0416864
-0.00649785
0.02012
0.016068
0.0212992
0.00694311
-0.00350555
0.0653671
0.0362546
-0.011828
0.0434341
0.0691617
0.0435843
0.0246113
0.031487
-0.0132193
0.00375335
-0.00492681
-0.00864139
0.00948744
-0.00493295
-0.0165967
0.381179
0.0188141
0.0105924
-0.00837125
0.00272134
0.0138715
0.00641464
0.0297718
-0.00273732
-0.00900271
0.0319232
0.0216839
-0.00481373
0.0594027
0.00667306
0.0110656
0.0589859
-0.00449438
0.010322
0.0570768
0.00514601
0.0316028
-0.0197111
-0.0113267
-0.00253644
0.0116626
0.00362924
0.028998
-0.260267
0.012327
0.00166672
-0.0257514
-0.0175341
-0.038385
0.00249873
-0.0297724
-0.0277541
-0.00440812
-0.00958189
-0.00231667
-0.0158582
-0.00351674
-0.0220435
-0.0136827
0.00552901
-0.00460212
-0.006755
0.0130236
0
0.0042681
0.0182912
-0.0121601
0.0153773
-0.00228439
0.00231604
0.0196578
0.0102779
-0.00405486
0.0186668
-0.00633419
-0.00649816
-0.0340685
-0.00490545
0.0088278
-0.00233737
-0.0133205
-0.00243497
-0.00277686
0.00478359
-0.00313628
-0.00434268
0.0249253
0.0165458
0.00221793
0.010516
-0.00161674
-0.0308954
-0.0358041
0.00173862
-0.00822227
-0.00195682
0.0243748
0.349557
-0.00893119
-0.0118779
-0.0306304
-0.00969734
-0.0055181
-0.0488104
-0.0681192
0.00209325
0.00285824
-0.0114208
0.0022337
0.014761
0.00644867
-0.00617679
-0.0163192
-0.016758
0.0272892
0.00278389
-0.015208
0.0125943
-0.335523
0.0157572
0.0203753
-0.0118145
0.0321684
0.0109552
0.0136457
0.0102426
0.0162363
0.00669079
-0.0367282
-0.00730588
0.0224987
0
0.02898
0.00680012
0.0380205
0.0110696
-0.00802898
-0.0402783
-0.011631
0.019263
0.00273121
-0.0153265
0.012278
-0.00654631
-0.00458022
0.0062901
0.00155003
-0.00400173
0
0.0370225
0.049328
-0.00987136
0.0198952
0.0396674
0.0208811
0.112779
-0.479344
0.710729
-0.156971
-0.180487
-0.144905
-0.464917
1.43015
0.399724
-0.0442963
-0.311362
-1.25708
0.0624949
0
0.152373
0.842153
-1.88413
-0.183145
-1.31521
0.218214
0.137719
0
0.0511557
0
1.22001
-0.957529
0
0.0943524
0.490101
1.2718
1.76965
-0.724413
-0.0668173
0
-0.629266
0.182721
-0.185868
-1.36658
-0.757766
0
-0.302859
0.551213
-0.847946
-1.17069
-0.769009
0.692078
-0.399855
0
0.214358
1.36454
0.583079
0.478704
0.637819
0
-0.81334
0
0.0649773
-0.279326
1.06013
0
-1.1069
-0.266875
-0.389867
0.359851
-0.110695
0
0.407146
-0.416417
0.157949
0.533489
0.115415
1.30342
-0.161387
0.118054
0.54104
-0.660952
-0.190856
-0.143352
1.08244
0.0409868
-0.316722
-0.258918
0.0563348
1.17071
0.217882
0.425339
-2.60737
-0.270941
0
0.235409
-0.324237
0.555995
0.381554
-0.605378
0.0946133
0
0
-0.286133
0.073303
0
0
0.443312
0.125845
2.13932
1.43552
1.94387
0.264429
-0.0782719
0
0.40424
-0.337214
-0.265936
0.275838
-0.330256
-0.42851
0
-0.149679
1.11131
0.174482
-0.422445
-0.29307
0
0.54446
0.39081
0.122821
-0.570812
0.176089
0.42993
1.52998
-1.55164
0.153943
0.634356
1.04568
0
-0.573801
0.369274
0.394013
0
0
-0.0823501
0.747298
0.992045
0.0789083
0
0.0587332
-1.41547
-1.06108
-0.409855
0.603111
0.19292
-1.14229
0.163094
0
-1.17831
0.75113
0
-1.65023
-0.541716
0
-0.392567
-0.0627895
0.811647
-0.440518
0.462831
0.89588
-2.17866
-2.17861
0.164135
0.142347
0.0496704
0.251989
0.642335
-0.312191
0.231595
-0.0817328
0.217659
-0.105655
1.14601
0
0.357912
0.355709
0.761467
-0.327188
0
0
0.452431
0.196184
-0.63242
-0.846566
0
0.229022
0.25076
0.987814
0
0.484193
-0.140038
0
0.314816
-0.488289
-0.926946
-0.371406
-0.517705
-0.846566
-0.666846
-1.2109
0.02572
0
0.43856
0.223486
0
-0.0686517
0.249718
0.314523
-0.479383
-0.619252
-0.684025
0
0
0.80739
-0.77235
0.221395
0.322024
0.706932
0.106179
0.279341
-0.709804
-0.118626
0.400895
0.281718
0.612559
1.10274
0
-0.162788
-0.353206
-1.17093
1.60944
0.140348
-0.024251
-0.898868
-0.0585689
0.447692
0
-0.852806
-0.455719
0
-0.289557
0.279712
0.713107
-0.181405
-1.36696
0.657838
0.149939
0.532829
-0.142437
0.31233
-0.695976
0.253356
-0.824992
0.708666
0
-0.888626
-0.1453
-0.42724
-0.31163
-1.24186
0.112444
-0.360568
0.715729
-0.0604546
0.667196
-0.175989
-0.244483
0
0.336865
-0.133376
1.83759
1.09079
0.162141
0.4847
-0.12404
0
-0.517098
-0.777379
0.747522
-1.0032
0.731615
-0.0646029
0.648833
0
0
0.387073
1.75664
-0.664159
-0.0944226
0.111216
-0.974489
0
-0.680902
0.338642
-0.251347
0.157451
-0.714247
-0.322353
0.50717
0
0.822026
0.0273347
0
-0.829114
-1.51928
-1.50353
0
-0.852066
-0.499997
-0.993732
0.558165
-0.499147
0.196087
-0.21792
-0.0913645
0.853547
0.890071
0.193127
-0.679932
-0.253989
0
0.499319
0.801182
-0.110447
0.968214
0.165763
0
0.185413
0.0331954
-0.18783
1.04857
0.745387
0
-0.210184
0.00863475
0.370717
0.231497
-0.921002
-0.134651
-0.618541
-0.287595
-0.850821
0
-0.597321
-0.212374
0.0812276
-0.378369
-0.248694
-0.280568
-1.1375
0.750096
-0.435341
0.2496
-0.101918
0.476703
-0.188213
-0.172542
0.280106
-0.0900812
0.548767
0.188965
0
0
0.567569
2.22353
-0.186902
-0.173825
-0.222777
0.19926
0
0.596501
-0.305851
-1.94899
0
1.71318
0.075318
0
0.555198
-0.178167
0.0991353
0.0744228
0.293893
0.580533
-0.52377
-0.525276
0.648088
-0.867707
0.434379
1.55395
-0.57223
-0.104827
-1.23296
-1.08691
-0.169325
0.0821515
0.569483
-0.752039
1.37261
0
0.204743
-0.29051
-0.728172
1.529
1.04269
0.0244493
0.0817046
0.0863733
0.0827796
0.430177
-0.211428
-2.05248
-0.422962
-0.852058
0.15296
-0.43312
-0.572432
0
0.254552
0.262934
-0.0132538
0.207411
-0.630558
-0.138581
-0.0639644
0
-0.0947945
0.235857
-0.0542897
-0.405919
0.239223
0
0
0.0424748
-0.259835
0.133938
0.031399
-0.163536
0.108545
-0.150119
0.445763
0.301654
0
1.63913
0
-0.919882
-0.000404858
-0.080658
0.345557
-0.193696
-0.736967
-0.162188
-0.163343
-0.414973
0.173836
0
-0.428863
0
-0.328277
0.339369
-1.55304
0.555335
0.908438
0.0768126
-1.01844
0
-0.1365
0
0.0983983
0.0947904
-1.82805
2.35436
0.728267
0
-0.0756728
-0.552675
-0.637291
-0.177995
0.116291
-0.0286982
0.23833
-1.24706
0.316781
-0.657008
0.0756771
0.15695
0
-0.967183
-0.0439362
0.240499
-0.566263
-0.150047
0.535121
0.301672
-0.589889
-0.145369
1.46906
0
-0.410087
-0.685096
-0.771486
-0.385943
0
0.0869656
-0.514017
-0.206742
-0.209279
0
-0.193321
0.291399
0.215387
0.364494
0.0562232
-0.324867
-0.117656
0.856225
0.591497
-0.108196
0.171256
0.1133
0
0
0.278363
-0.553831
0.295617
0
0
-0.237606
-0.782987
0.162033
0.122325
0.394755
0.777405
0.148084
-0.314816
-0.374225
0.150636
0.107711
-0.87595
-0.0709619
0
0.113168
-0.0735545
-0.199336
1.24675
0.0650631
-0.392625
-0.262957
-0.207673
0.271479
-0.24134
0
0.599959
-0.402512
-0.18283
0.221636
-0.234506
0.337564
-0.229892
0.498008
-0.515841
0.168616
-0.573356
0.388434
0.208293
0.130278
0
-0.0194353
1.18146
0.180134
0.251892
0.167404
0.202505
0.155181
0.342311
-0.071016
0.260385
0
-1.67254
-0.29453
0.234023
0.101777
0.160975
-0.183545
-0.0961213
-0.0556822
-0.128712
0.0494401
0.26355
-0.0812484
0.187748
0.0339739
-0.150263
0.0639893
0.270861
0.177295
-0.844919
-0.509739
0.125415
0.242075
0.0436714
-0.249745
0
-0.151745
0.462511
0.316247
-0.0936372
0.0651194
0.718339
-3.15888
0
0.345917
0.232529
-0.366245
-0.246106
0.0330574
-2.06958
0.266717
0.134326
0.377363
1.1763
-0.342385
0.222821
-0.163247
-0.0208401
0.450295
-0.569067
0.461167
-0.439645
-0.173456
-0.16082
-0.799245
-0.242742
0.249436
0.150937
-0.252077
0.100673
0.0475854
0
-0.307208
-1.18196
1.11878
-0.185638
-2.32811
0.173548
1.15937
-0.116554
-0.0132472
0.0196046
0
-0.172452
0.076201
-0.0272271
-0.117398
-0.0411856
-0.417436
-0.377915
0.346574
0.122002
0.0812295
0
-0.314959
-0.285963
0.105695
0.390449
-0.0311156
0
0.932552
0.113216
-0.309321
-0.235994
0.0110009
0.747413
0.759684
0.647101
-0.479758
-0.0664389
-0.0465628
-0.218049
0.148212
0
-0.630558
-0.0879798
-0.434151
-0.102488
0.138354
-0.156294
-0.347767
0.295726
0
2.08021
-0.053745
-0.316033
-0.0924421
-0.626201
0.0997187
-0.165704
0.1086
0
0
-0.0201003
-0.0359858
-0.120322
0.381193
0.112057
-0.141575
-0.107493
0
-0.129274
0
0.04404
-0.820881
-0.0718804
-0.0226847
0.207798
0.0576533
0.191735
-0.043085
-0.395425
-0.135461
0
-0.33636
0.0169637
0.913415
-0.0618519
0.226254
-0.178047
-0.0997543
-0.123272
0.070344
-0.0471762
-0.0391579
0.188832
0.275128
0
-0.0333083
-0.186692
-0.00881585
-0.122316
0.0101359
-0.0789604
-0.0874769
0.0178163
-1.3956
-0.0335745
-0.224049
0.257274
0.577319
0.023877
0.108528
-0.0783779
0.233157
0.120797
-0.530911
0.0486241
-0.226391
0.103109
0.483619
0
-0.431232
0
0.041275
-0.257526
-0.0523314
0.0179362
0.084198
0.142165
0.118315
-0.23337
0.112467
0.718707
-0.0330519
0
0.210197
0.0637205
0
0.269673
0.414164
-1.59982
0
0.0834478
0.907357
-0.0859005
0
0
-0.646254
-0.0853128
-0.121926
1.3144
0.0318524
-0.372957
-0.100425
-0.0283948
-0.409161
-0.0273191
-0.37698
0.0552573
-0.779022
0
-0.73785
0.107578
0.280828
0.292532
-0.0722607
0.0146029
-0.224352
-0.230807
2.06067
0.04012
0.125918
0
0.0235303
0.0843849
-0.287986
0.0217659
0.385188
0.0580216
-0.0894468
-0.0860169
-0.0608333
-0.0730913
-0.298427
-0.0138528
-0.098969
0.436426
0.0184533
-0.0226268
-0.0548774
0.205189
-0.140032
-0.0478049
-3.16486
0.0130686
-0.02821
-1.69109
0.271532
-0.103084
0.0869217
-0.764398
-0.158931
0
-0.0266131
0.0183755
0.0635718
-0.0642083
-0.251153
0.0483448
0.112982
0.0496754
0.26915
-0.0835051
-0.154268
-0.128724
0.211627
0
0.0327189
0.0296748
-0.0571601
-0.0433126
0.109283
-0.215897
-0.153475
-0.191147
-0.0786415
0.139312
-0.1144
0
0
-0.158349
0
0.0904521
0.0343137
-0.151575
0.155147
0.0174782
-0.109957
0.0725321
-0.242489
-0.160741
-0.703488
0.102747
-0.105591
-0.100012
0.0201197
-0.479167
-0.158308
0.449279
-0.123662
0.183311
0.0457354
0.324972
0.0915576
0.0203328
-0.117715
-0.0124485
-0.211999
-0.0192323
-0.0755385
-0.0264998
0.0176019
0.147881
0.150458
-0.153393
0.0111
-0.270481
-0.617052
-0.236892
0.347793
-0.10922
0.230953
0
-0.0183267
-0.148352
0.242368
0.0275054
0.0617224
-0.239996
-0.0325144
0.0523784
-0.137214
0.0127238
-1.26079
0
0.159881
0
0.0232747
0
-0.192571
0.106518
0.0632515
0.0353016
-0.0352865
0.0694527
0.00826265
-0.0228447
-0.0320464
-0.325304
-0.226804
-0.272746
-0.198176
0.0318123
0
0.168566
0.0293628
-0.0489713
0.0183851
0.0712041
0.188664
0.0647585
0.158496
-0.0316762
0.022614
-0.0803396
-0.157166
-0.0791538
0.0241077
-0.030604
-0.220231
0.0249322
-0.124878
0.0793697
0.0279648
-0.104024
0.0534897
0.209085
-0.0280522
-0.0316054
0.023471
0.11576
0.00477829
-0.0309719
0
-0.750302
0.034827
-0.0790085
0.0467652
0.0523719
0.0839336
0.240164
-0.0158381
-0.490886
0.127873
-0.0275216
0.11219
0.0339483
-0.234776
-0.0594271
0.159344
0
0.022866
0
-0.386327
-0.163053
-0.00924694
0.107857
0.00569642
0.0796158
0.0545471
-0.181858
-0.0410868
0.0581626
0.664234
-0.0709871
0.0585169
-0.089508
0.122423
0.374871
-0.0966358
-0.0359321
-0.0404588
-0.0256105
-0.0390638
0
-0.107371
-0.0886151
-0.0712561
0.022288
-0.0866843
0.0285001
0.0539349
-0.0559152
-0.125078
-0.194817
-0.207908
-0.0423585
0.115015
0.178139
-0.00578187
-0.0798265
0.0940599
0.552269
-0.00439956
0.0304765
-0.0391864
-0.0229822
-0.0727838
-0.0328572
0
-0.216019
-0.0800904
-0.0474498
0
-0.0367571
-0.0109117
0.0644272
0.0167839
-0.0575041
0.0082986
0.0473086
-0.10937
-0.0513004
-0.0346416
0.0287737
-0.676099
-0.0314569
-0.0327517
-0.025703
0
-0.0284659
0.019856
0.2863
-0.323096
0.00844849
-0.019432
-0.263525
-0.980063
-0.850688
0.0561149
-0.086711
0
0.193398
-0.151584
-0.078044
-0.0258948
-0.0151729
0.283657
-0.0121099
0.110292
-0.781634
0.0598225
-0.00702865
0.00939348
0.0690036
-0.0380615
-0.00992356
0.245585
-0.0671314
-0.0105188
0.0451075
0.0161174
-0.0139196
-0.0415375
-0.391716
0.0452125
0.0834273
0.074862
-0.0113795
0.0590437
0.0458928
0.130374
-0.0313594
-0.0376796
-0.694165
-0.0368589
0.0775903
0.077874
-0.0153311
-0.0911758
0
-0.00927431
-0.0813566
-0.0310967
-0.0202853
-0.124891
0.0244151
-0.0531689
0.0764052
-0.0669223
0.210044
-0.0368074
-0.056854
-0.290472
0
0.0815969
-0.277891
0.00879906
0.192741
0.098969
0.152055
0.0123609
-0.00579609
-0.0341463
0.0150546
0
-0.654069
0.0405232
-0.106438
-0.0161224
0
-0.0636709
0.035431
-0.0273465
-0.0135267
-0.0705817
0.128884
-0.388143
0.0323573
0.0415014
-0.0760766
0.059342
0.0265581
0.133335
0.0856658
0.169718
0.0605108
0.0626113
-0.0206184
0
-0.14762
0.244222
0.0219055
-0.0701619
-0.206803
0.0280303
0.094743
0.0489165
0.0983453
0.0725948
0.0627236
-0.0363079
0.0402864
-0.136917
0.0382533
-0.417424
0.0269555
-0.0117533
-0.0283948
-0.0440897
-0.012397
0.198451
-0.021104
0.0764596
0.0738411
0.0258608
0.00956705
0.27983
-0.0460448
-0.130502
-0.0699732
-0.025857
-0.246536
0.0793787
-0.205454
-0.00802643
0.0621946
-0.0324308
0.414675
-0.126838
0.188889
-0.0391831
-0.091462
0.0233582
-0.02598
0.0323798
0
-0.0579309
-0.0449286
0.0998143
0.0668863
0.0119601
-0.100369
0.150949
0.113562
-0.117748
-0.0450966
0
0.0173474
0.0344387
0.0659763
0.202016
-0.091778
0.17807
-0.0262515
-0.0158223
0.0452066
0.0816378
-0.038397
-0.0431328
0.0275326
0.126258
0.0444794
-0.00972401
-0.0745052
-0.910731
-0.367074
-0.166417
0
-0.0380757
0.138863
-0.0800473
0.0460519
-0.0107901
-0.0899113
0.049072
0.0248772
0
0.107381
-0.0298577
-0.195479
-0.0551503
0.0413663
-0.106202
-0.0152627
-0.0163373
0.10951
-0.0373844
-0.0724883
-0.0704398
-0.050406
-0.0147452
-0.007953
0.0491831
0.047725
0.035721
0
0.0407331
-0.162586
0.230802
0.0139456
0.0457282
0
-0.010183
0.0226851
0
-0.186765
-0.0608744
0.0678118
-0.27977
-0.0748137
0.0539731
-0.107832
-0.0374878
0.0632824
-0.0110071
0.0504442
0.00446434
-0.013744
-0.143383
0.0601282
0
0.0145918
0.352584
-0.0569212
-0.0595748
0.103464
-0.019235
-0.0120247
-0.196806
-0.138871
-0.0276532
-0.0544862
-1.38692
0.00437245
-0.00443799
-0.0202618
0
0.013845
-0.0207529
-0.0931977
0.0440204
0.0235322
0
-0.0853967
0.0221219
0.0209571
0.143632
0.121705
0.0202139
-0.0618049
-0.0392884
-0.0367668
0.154076
-0.0506794
-0.216625
-0.0229635
0.0749033
0.167768
0
-0.0198788
-0.0117409
0.0393456
-0.0207692
-0.0217072
0.0101667
-0.0386752
0.027206
-0.0621587
0.0126953
0.00877199
0.582313
0.015553
-0.020702
0.105256
-0.0225013
-0.0229656
-0.265108
0.0488159
-0.0117584
-0.0160782
-0.0300481
-0.00531397
-0.0369171
-0.0881118
-0.0625088
-0.0337097
0.0435225
-0.0394508
0.0658539
-0.00759295
0
0.0306989
0.0684427
0.074339
0.0202782
-0.0258112
-0.0264562
0.0884575
-0.0146519
-0.300047
0.0935556
-0.0293637
-0.124779
-0.311528
-0.256503
0.0111633
0.0226782
-0.102146
-0.151657
0.0393971
-0.0416734
-0.097449
0.0164066
0.00616286
0
-0.0511037
-0.00269174
0.0167888
-0.0159716
-0.156935
0.0722383
-0.15539
0.0470015
0.0252666
-0.0087879
0.0137306
-0.0103613
0.0189506
-0.0911429
-0.0398104
0
0.0243807
0.0139235
0.0662657
0.0543652
0.0957614
-0.0888541
-0.0247235
-0.0278852
0.035877
-0.105383
0.0598511
0.0675145
0.252997
0.10554
-0.0803866
-0.157917
0.0772965
-0.176104
0.020388
0.0196478
0.0263811
-0.0805418
0.0198484
-0.194205
0.0573688
0.0166981
-0.00849659
0.00780665
-0.055174
-0.00474973
-0.0351171
-0.0832731
0
0.020659
-0.0466271
0.115077
-0.0110528
-0.0131927
0
0.00164062
0.0417597
-0.0267951
-0.0443465
-0.0691078
-0.0418074
0.0774712
0.0028508
0.0142165
-0.253199
0.0160683
0.0729232
0.0126941
-0.152657
-0.0354417
0.133357
-0.0192652
-0.0536173
0.0522454
-0.101267
0.0118056
-0.00374385
0
-0.00904903
-0.0120443
0.0153014
0.117829
-0.0236947
-0.0214524
-0.0306999
-0.0412666
0.107115
0.00610516
0.0749222
-0.0189756
-0.0169151
0.018845
-0.0240547
-0.056721
-0.068928
-0.023538
-0.0526215
0
0.00860651
0.0163263
-0.0322029
0.0282436
-0.0087178
-0.0154738
-0.0286547
0.0266898
0.0130953
-0.0116196
0.1055
-0.0368074
-0.00956059
0.0490469
0.00623316
0.0649658
0.0128304
-0.00438548
-0.08428
0.0728746
0.0734762
0.0137526
-0.0268073
-0.0110572
0.0436731
0.175905
-0.0422615
-0.00578084
-0.0265313
0.00747096
-0.0315093
-0.0176394
-0.0171913
-0.0102263
-0.0161299
-0.0812887
-0.0161718
-0.0125304
0.0157736
0.00417615
-0.0437583
-0.0131655
0
0.0535352
-0.0818956
-0.0341737
0.0217372
0.00930706
0.0367147
0
-0.0270779
-0.0775054
-0.0169835
0.0282169
-0.00862712
0.115918
-0.0125876
-0.00929389
-0.0168878
0.0178547
0.00188175
0.0338674
0.00605003
0.0491572
0.0256157
0.0251739
-0.102554
-0.0288437
0.0258255
0.00727123
-0.0365309
-0.0125139
0.167285
0.0487801
0.00674686
-0.00963932
0.0618993
0.0287702
-0.0489765
-0.0269155
0.00875608
0.00975988
0.0282651
0.00850245
-0.00209176
-0.0120682
0.0667306
-0.0267651
0.0217842
-0.0146149
-0.163577
0.00766937
0.0191333
-0.00782161
-0.013941
0
0.0230067
-0.00378317
0.0155928
-0.012702
0.0805411
-0.0523773
-0.284811
-0.038366
0.0201548
-0.0530485
0.0164746
-0.0319241
0.00874356
-0.0750301
0.00820014
-0.0259216
0.00663942
-0.0887515
0.0262686
0.0105845
0.00822653
-0.0247049
-0.0413072
-0.00992616
0.0241015
-0.0103399
0.0220408
0.022876
0.0122451
-0.0158891
-0.0105974
0.00335595
0.00325607
-0.0255433
0.00345988
-0.0158351
0.0062838
0.0122512
0.020962
-0.0164222
0
0.0103702
0.00493725
-0.0129277
0.00600384
0.0319782
0.0142136
-0.00993549
0.00672171
0.0067348
0.0209406
