0
0
0
0
0
0
0
0
0
0
0
0
0
0
0
0
0
0
0
0
0
0
0
0
-0.161
0.126
-0.07
0.315
0.069
-0.034
0.259
0.893
0.476
-0.363
-0.023
-0.048
0.052
-0.219
0.32
0.015
-1.192
-0.06
-0.055
-0.888
-0.424
0.42
-0.232
-0.663
0.365
0.814
-0.384
0.251
0.277
-0.047
0.225
-0.36
0.074
-0.178
-1.003
-0.149
-0.26
-0.265
-0.049
-0.142
-0.026
-0.206
1.15
0.683
0.08
-0.532
0.534
-0.104
-0.697
-0.18
-0.173
0.127
0.127
-0.122
-0.105
-0.071
0.688
-0.611
-0.04
0.177
0.023
-0.133
0.021
-0.28
0.136
-0.636
-0.958
-0.594
0.813
0.323
-0.258
0.669
-1.189
0.229
-0.118
-0.567
-0.109
-0.021
-0.05
-0.068
-1.595
-0.072
0.621
0.536
-0.968
1.225
0.199
-0.705
0.077
-0.241
-0.426
0.867
0.013
0.422
0.21
0.245
0.128
0.33
-0.015
0.135
0.26
0.197
0.458
0.417
0.078
-0.009
0.155
0.26
0.073
0.185
0.781
0.102
-0.278
-0.428
0.013
-0.212
-0.144
-0.101
0.339
-0.042
1.227
-0.268
0.21
1.109
-0.053
0.035
-0.606
0.268
0.867
0.118
0.137
-0.412
0.636
-0.475
0.536
-1.096
-0.223
-0.27
-0.228
-1.551
-0.94
-0.222
0.187
0.205
-0.096
0.266
-0.23
-0.317
0.15
-0.334
0.538
-0.286
0.091
0.098
-0.833
0.506
-0.473
-0.088
-0.746
-0.838
0.748
0.145
0.007
-0.112
-0.502
0.859
-0.039
-0.072
-0.061
-0.076
-0.117
0.086
-0.233
-0.931
-0.868
0.177
-0.436
-0.874
-0.211
0.537
-0.461
0.191
0.03
0.163
0.901
-0.441
0.413
1.186
-0.174
0.278
0.29
1.541
-0.088
0.496
0.06
-0.234
-0.767
0.303
-0.163
0.196
0.094
0.009
0.812
0.023
-0.013
-0.517
0.429
-0.025
0.394
0.209
-0.51
0.914
-1.515
1.242
-0.097
-0.652
0.041
-1.364
-0.286
0.046
-0.029
-0.414
-0.351
0.33
0.327
-0.184
-0.038
1.292
-0.145
0.467
0.388
-0.916
0.032
0.43
0.328
0.123
0.268
0.431
-0.535
0.088
0.702
-0.379
-0.234
0.207
-0.011
0.142
-0.532
-0.057
-0.177
-0.033
-0.472
-0.464
0.19
0.261
0.828
0.523
-0.009
-0.74
0.009
0.052
0.193
0.276
-0.504
-1.39
0.21
0.128
-0.394
0.003
-0.206
-0.485
0.047
-0.435
0.027
-0.822
0.394
0.193
0.616
0.014
0.168
-0.661
-0.874
0.973
0.561
0.055
-0.233
-0.514
-0.396
0.232
-0.902
-0.094
-0.527
-0.607
-0.168
0.247
1.128
-0.003
-0.187
0.172
0.738
-0.132
-0.694
-0.022
-0.882
-0.123
0.016
0.519
0.438
0.15
-0.159
-0.308
-0.379
-0.298
0.394
-0.5
-0.417
-0.226
1.003
-0.106
-0.023
-0.173
0.401
0.558
-0.611
-0.573
0.309
-1.244
-1.111
0.556
-0.247
-1.45
0.069
-0.351
0.027
0.299
-1.203
-0.152
-0.058
0.017
0.325
-0.113
-0.159
-0.112
0.11
-0.576
-0.511
-0.961
-0.625
0.013
-0.484
-0.03
-0.881
0.957
-1.499
0.119
0.109
0.844
0.131
-0.558
-0.371
0.382
-0.432
-0.513
0.412
0.199
0.384
-0.734
-0.434
1.075
0.244
-0.479
-0.616
0.571
0.072
0.4
0.219
0.566
-0.307
1.004
0.851
1.781
-0.054
0.751
-0.089
-0.868
-0.009
0.353
0.523
0.003
0.465
-0.097
0.863
-0.225
0.314
-0.455
-0.054
-0.305
-0.045
0.259
0.167
-0.492
0.238
-0.745
0.254
-1.215
-0.257
-0.063
-0.409
0.343
-0.146
0.041
0.298
0.542
0.241
-0.128
0.043
-0.414
-0.032
0.122
0.014
0.177
0.119
-0.234
-0.018
-0.064
0.267
-0.225
0.108
-0.51
0.014
-0.284
-0.292
-1.14
-0.34
-0.359
0.165
-0.093
-0.079
0.071
0.432
-0.075
0.041
-0.378
1.066
-0.352
-0.297
0.019
0.427
1.158
0.769
-0.339
0.113
0.012
-0.453
-0.057
-0.108
-0.152
0.195
0.188
-0.097
-0.509
1.024
0.166
-0.034
0.204
-0.469
-1.271
0.15
0.5
-0.14
-0.241
-0.863
-0.134
0.414
0.664
0.883
-0.838
0.039
0.659
-0.101
-0.071
0.17
-0.125
-0.094
0.233
0.207
-0.432
0.268
0.179
0.069
0.091
0.159
-0.457
0.536
0.696
-0.116
0.401
0.193
0.193
2.364
0.334
0.001
-0.143
-0.093
0.03
0.059
0.015
0.237
0.203
-0.041
-0.192
2.134
-0.934
0.128
0.176
0.434
-0.007
0.49
-0.065
0.106
-0.235
0.618
-0.491
-0.022
-0.09
0.315
0.188
0.614
-0.249
0.056
0.009
0.226
-0.509
0.922
-0.371
-0.194
0.258
0.301
-0.405
-0.321
-0.111
0.305
0.7
-0.079
0.439
-0.704
0.002
0.235
-0.207
-0.095
-0.296
0.761
-0.575
-1.189
1.041
-0.044
-0.126
-0.223
0.386
0.789
0.043
-0.154
2.568
0.177
0.021
-0.398
-1.264
-0.551
0.485
-0.035
0.093
1.192
0.007
-0.069
-0.232
-0.202
0.301
0.162
0.022
-0.175
0.452
-0.435
-0.257
-0.053
0.138
1.004
-1.137
0.095
0.219
0.041
0.15
0.365
-0.092
0.295
-0.537
-0.314
0.203
0.045
-0.237
0.262
-0.419
-0.056
-0.236
0.275
0.1
0.062
-0.473
0.156
0.216
-0.354
-0.255
0.29
0.627
1.172
0.956
-0.41
-0.255
-0.62
0.126
0.637
-0.002
0.115
0.29
-0.321
0.146
0.429
-0.398
-0.068
0.169
-0.116
-0.041
-0.234
-0.024
0.501
-0.162
-0.24
-0.049
-0.089
-1.015
0.231
-1.006
0.02
-0.033
-0.168
0.372
0.251
-0.184
-0.194
1.114
-0.064
0.922
-0.176
-0.193
-0.744
-0.3
-0.697
-0.072
-0.835
-0.38
-0.194
-0.008
-0.528
-0.168
0.342
0.058
-0.047
-0.103
0.015
-0.075
-0.17
-0.343
0.575
-0.254
-0.277
1.158
-0.367
-0.429
-0.327
0.275
-0.371
-0.088
0.098
0.214
-0.863
-0.888
-0.224
0.341
0.101
-0.017
-0.173
0.166
0.795
-0.407
0.439
0.195
0.128
0.08
-0.268
0.16
0.107
0.506
0.097
-0.471
0.12
-0.254
-0.289
0.239
-0.651
0.24
0.011
0.126
-0.146
-0.802
-0.136
-0.454
0.824
-0.245
0.134
-0.189
0.012
-0.361
-0.83
-0.2
0.302
-0.226
0.46
0.221
-0.062
0.598
-0.197
-0.153
0.041
-0.053
-0.771
0.041
-0.365
0.089
-0.108
0.469
-0.429
0.071
-0.392
-0.192
0.081
-0.098
0.191
-0.034
1.224
-0.541
0.32
-0.693
-0.229
0.128
0.036
0.415
0.472
0.234
-0.049
-0.507
-0.372
-0.254
-0.128
0.486
-0.855
0.297
-0.169
0.283
-0.035
0.258
-0.569
0.082
0.796
-0.063
0.107
-0.251
-0.074
-0.074
0.493
-0.954
-0.082
-0.613
-0.23
-0.577
0.524
0.012
-0.427
0.087
-0.164
-0.389
-0.334
0.274
-0.367
-0.04
-0.776
-0.194
0.822
0.15
-0.176
0.081
-0.632
0.445
-0.094
-0.152
-0.375
-0.807
0.614
0.02
-0.154
0.084
-0.244
0.057
0.093
0.725
0.043
-1.814
-0.587
-0.375
0.096
-0.095
0.193
-0.223
0.089
-0.656
0.003
-0.106
-0.101
0.397
-0.164
0.005
0.027
-0.339
0.32
0.312
0.265
0.249
-0.139
-0.176
0.44
-0.296
-0.499
0.112
-0.535
0.297
0.011
-0.459
0.296
1.511
0.217
0.139
0.061
-0.205
-0.233
0.192
-0.236
0.015
0.464
0.541
0.629
-0.111
-0.433
0.215
-0.06
-0.624
-0.141
-0.064
0.293
0.273
-0.412
0.055
-0.175
0.016
-0.321
0.244
0.288
-0.392
-0.08
0.114
0.621
0.093
-0.046
-0.56
-0.208
0.157
-0.374
0.146
0.175
-0.181
1.093
0.352
-0.009
0.421
0.566
-0.852
0.371
0.86
-0.485
0.06
0.498
0.202
0.513
-0.036
-0.859
-0.139
-0.28
-0.066
0.081
0.201
-0.231
-0.136
-0.151
-0.203
0.029
-0.077
-0.256
-0.405
-0.003
0.695
0.563
-0.082
-0.55
-0.274
-0.035
-0.033
0.133
0.248
0.57
0.319
1.45
0.268
-0.073
0.048
0.172
0.487
-0.817
0.142
-0.225
0.189
-0.159
0.175
0.793
0.052
1.101
0.556
0.134
-0.018
-0.021
0.341
0.072
0.42
0.29
-0.306
0.032
0.633
0.107
0.459
-0.422
-1.093
-0.444
-0.919
0.805
-0.323
0.246
-0.264
-0.034
-0.621
-0.171
0.251
0.367
-0.85
0.106
0.413
0.186
0.788
0.004
0.307
0.102
-0.055
0.157
-0.029
0.767
0.404
-0.554
0.106
-0.162
0.11
-0.076
-0.268
-0.498
-0.176
-0.351
0.234
-0.004
-0.513
0.118
0.214
-0.598
0.264
0.423
0.479
-0.222
0.021
0.026
-0.858
0.704
0.503
2.033
-0.078
-0.177
0.293
0.261
0.254
0.213
-0.131
0.16
0.93
0.019
0.488
-0.215
0.443
0.064
0.345
0.156
-0.215
0.003
0.125
0.016
0.024
0.308
1.307
-0.028
0.364
-0.26
0.442
-0.02
-0.134
-0.34
0.173
0.103
0.475
0.105
0.225
0.312
0.14
0.486
-0.094
-0.058
0.231
-0.294
0.136
0.453
0.506
-0.756
-0.356
-0.309
-0.155
0.225
0.396
-0.738
0.352
-0.015
0.095
0.309
-0.079
-0.238
-0.018
-0.313
-0.125
0.117
-1.018
-0.912
0.089
0.478
0.346
-0.645
-0.757
-1.556
0.626
0.168
-1.203
-0.039
0.151
0.916
-0.415
0.165
-0.311
-0.194
0.136
0.048
0.058
-0.454
-0.32
0.34
0.42
0.617
-0.252
-0.109
0.21
0.194
-0.171
0.708
-0.062
0.27
-0.248
-0.126
0.083
-0.276
-0.53
0.997
0.039
-0.122
-0.211
0.226
-0.065
-0.504
-0.085
0.145
-0.578
-0.41
-0.022
-0.523
-0.007
-1.585
-0.169
0.635
-0.09
-0.206
-0.403
-0.28
-0.231
0.211
-0.464
-0.134
-0.094
-0.966
-0.128
1.965
-0.045
-0.018
-0.004
0.083
0.488
0.167
-0.21
0.07
0.171
-0.378
-0.08
0.031
-0.37
-0.066
-0.115
-0.166
0.025
1.235
-0.046
-0.491
-0.216
0.115
0.133
0.587
1.668
0.164
1.5
-0.365
-0.542
0.132
1.255
-0.586
0.632
0.378
-0.805
0.638
0.281
0.384
-0.045
-0.252
-0.26
0.238
-0.34
0.558
0.383
0.563
-0.021
0.101
0.102
-0.053
-1.045
-0.132
0.538
-0.084
0.046
-0.074
-0.277
0.671
0.754
-0.007
0.474
0.523
-0.868
0.036
0.481
-0.041
0.89
-0.144
-0.403
-0.24
-0.874
0.038
0.074
-0.733
-0.237
0.002
-0.635
-0.072
-0.43
-0.015
-0.038
0.954
-0.288
0.94
-0.518
0.139
-0.087
-0.062
0.247
0.067
0.412
1.347
0.109
0.084
0.198
0.031
0.117
0.923
-0.009
0.322
-0.304
0.541
0.499
-0.204
0.714
0.031
0.096
0.104
0.558
-0.093
-0.323
-0.283
0.286
-0.121
0.153
0.11
-0.36
0.072
-0.413
-0.998
1.165
-0.844
-0.24
-0.542
-0.32
0.193
0.629
0.258
-0.076
0.01
1.994
-0.536
-0.438
-0.401
-0.66
-0.152
-0.595
-0.132
0.478
-0.064
0.531
-0.575
-0.294
0.204
-0.144
-0.69
-0.237
0.065
-0.061
0.03
0.665
-0.203
-0.295
-0.247
1.108
-0.149
-0.506
0.708
0.246
0.365
0.082
-0.048
0.2
0.508
-0.039
0.062
0.313
0.129
0.082
1.449
-0.141
0.028
0.309
0.245
0.228
0.342
-0.14
0.202
0.758
0.121
0.307
0.272
-0.4
-0.002
-0.404
-0.155
0.24
-0.843
0.273
0.086
0.061
0.025
-0.383
-0.212
-0.185
0.149
0.173
0.134
-0.106
-0.228
-0.152
-1.253
0.188
-0.205
-0.038
0.089
-0.907
-0.086
0.174
0.027
0.168
-0.118
-0.355
-0.19
-0.549
-0.322
-0.398
0.149
-0.835
-0.32
0.927
0.542
-0.608
-0.227
-0.165
0.122
0.043
0.382
-0.316
-0.335
0.167
-0.319
0.193
0.22
-0.197
-0.032
-0.074
-0.654
0.099
-0.21
0.386
-0.401
0.058
-0.97
0.623
0.101
-0
-0.215
-0.256
0.394
0.398
-0.236
0.028
-0.138
0.025
-0.13
1.087
-0.379
0.13
0.561
0.011
-0.03
-0.663
-0.406
0.172
0.15
0.048
0.808
0.505
-0.709
-0.597
0.747
0.098
0.134
-0.58
1.721
0.015
0.105
0.353
-0.18
-0.18
0.03
-0.516
0.06
0.1
-0.234
-0.007
-0.51
-0.231
0.443
-0.073
-0.025
-0.156
0.248
0.545
-0.239
-1.455
0.541
1.15
-0.101
0.01
0.052
-0.197
-0.016
0.144
0.078
0.437
-0.031
-0.142
0.031
-0.041
0.052
-0.153
-1.215
-0.023
0.488
-0.045
-1.653
-0.048
-0.123
-0.367
-0.46
0.255
-0.654
0.655
-0.004
0.469
-0.534
-0.168
0.079
0.02
0.031
0.22
-0.205
0.309
0.319
0.165
-0.075
1.146
0.046
0.188
0.066
0.106
-0.114
0.109
0.259
0.347
-0.197
-0.736
0.011
-0.291
-0.344
0.477
0.026
0.075
0.545
-0.145
-0.028
-0.055
-0.219
0.393
-0.274
0.123
0.041
-0.054
-0.647
0.007
-0.433
-0.196
0.266
0.645
-0.217
-0.738
-0.666
-0.034
0.853
-0.165
-0.243
0.376
-0.981
0.41
0.106
0.064
-0.072
0.492
0.202
-0.055
0.117
-0.053
0.021
0.028
-0.078
0.037
-0.265
0.13
1.779
0.012
-0.083
0.044
0.621
-0.199
0.332
-0.306
0.063
-0.01
0.015
-0.678
0.063
-0.651
0.436
-1.047
0.486
0.034
0.485
-0.361
0.085
-0.093
-0.262
-0.189
0.012
-0.012
-0.019
0.233
0.446
-0.517
0.089
0.001
0.09
-0.105
0.226
0.174
0.226
-0.118
0.183
-0.45
-0.251
-0.15
-0.353
-0.187
0.265
0.003
-0.785
-0.198
-0.155
0.543
-0.086
-0.205
0.079
-0.122
0.013
-0.043
-0.223
0.421
-0.14
0.243
-0.224
0.197
0.471
0.103
-0.057
0.244
0.5
-0.72
-0.024
-0.101
-0.047
0.185
-0.04
0.232
-0.917
0.013
0.13
0.365
-0.325
-0.067
0.13
0.143
-0.043
-0.047
0.029
-0.057
-0.746
-0.159
0.037
0.315
0.291
-0.047
-0.158
-0.288
-0.133
-0.001
0.631
1.239
-0.905
0.128
0.302
-0.379
-0.099
-0.222
0.605
0.291
-0.028
-0.105
0.155
0.035
0.073
-0.088
0.438
0.018
0.223
-0.092
0.397
0.074
0.471
-0.053
-0.062
0.086
-1.295
0.061
-0.365
0.012
-0.81
-0.103
0.288
-0.148
-0.144
0.26
-0.159
-0.924
0.146
0.305
-0.095
-0.299
-0.696
-0.587
-0.185
-0.043
-0.053
1.068
0.163
0.594
0.257
-0.379
-0.029
-0.258
0.059
0.674
0.374
1.189
-0.568
0.2
-0.29
-0.071
0.121
0.116
-0.223
-0.106
0.289
0.518
0.537
-0.079
0.33
-0.276
1.754
-0.222
0.103
0.042
0.651
0.097
-0.03
0.167
0.063
0.033
-0.171
0.028
0.196
-0.218
-0.189
-0.815
-0.3
-0.396
0.082
0.136
-0.648
0.184
0.556
0.046
-0.122
0.412
-0.44
0.062
0.09
0.081
0.069
0.202
-0.037
1.239
0.145
-0.15
-1.326
-0.389
-0.159
0.335
-0.316
0.168
-0.347
-0.246
-0.743
0.254
-0.045
-0.171
0.029
0.285
-0.58
-0.05
0.289
0.223
-0.042
-1.306
1.864
-0.012
-0.974
-0.011
-0.183
-0.424
-1.845
0.076
-0.1
-0.205
-0.045
-0.099
-0.113
-0.447
-0.064
0.548
0.335
0.05
-1.471
-0.067
-0.517
0.043
-1.005
0.566
0.109
-0.307
0.075
-0.112
-0.626
0.502
0.018
-0.262
0.248
-0.102
1.119
0.146
-0.178
0.011
-0.169
0.29
-0.166
0.36
-0.848
0.551
0.799
-0.618
-0.641
-0.747
-0.233
-0.393
-0.528
0.087
0.435
-0.284
0.232
0.026
-0.144
-0.209
0.095
-0.028
-0.426
-0.376
-0.17
-0.649
0.151
0.726
0.088
0.389
0.935
0.685
-0.14
-0.228
0.019
-0.055
0.387
-0.376
-0.667
-0.907
0.073
0.838
-0.485
0.664
0.377
0.086
-0.004
-0.39
-0.63
-0.037
0.137
0.261
0.025
0.077
-0.193
0.039
-0.448
-0.126
-0.18
-0.082
0.204
-0.264
-0.225
-0.55
-0.139
0.239
-0.114
0.115
-0.187
0.837
0.337
-0.194
0.446
-0.122
-0.467
-0.538
0.638
-0.313
-0.09
0.003
0.346
0.278
0.345
-0.109
0.255
-0.017
-0.118
0.085
-0.536
-0.205
0.345
0.186
-0.097
-0.346
-0.117
0.974
0.119
-0.197
-0.334
0.723
0.199
1.423
0.413
0.493
0.009
-0.636
-0.109
0.078
-0.399
0.114
0.266
1.35
-0.303
0.402
-0.608
0.012
-0.092
-0.298
-0.075
0.227
-0.838
0.234
0.417
0.041
0.204
0.299
0.049
0.069
-0.969
-0.227
-0.093
-0.202
-0.049
-0.214
1.232
-0.005
-0.089
1.362
-0.032
-0.1
0.009
0.058
-0.198
0.028
-0.244
-0.61
-0.057
0.358
0.404
-0.287
-0.175
0.307
-0.17
-0.064
-0.241
0.271
0.693
0.11
-0.097
0.021
-0.54
-0.253
-0.515
-0.138
0.04
-0.033
-0.545
-0.587
0.115
-0.445
-0.11
-0.35
-0.125
-0.053
-0.158
0.954
0.017
-0.065
-0.426
0.168
-0.254
-0.61
0.33
0.132
0.099
0.145
0.313
0.289
-0.898
-0.125
-0.391
0.048
-0.076
0.249
-0.271
0.001
0.07
0.105
-0.228
0.351
-0.187
0.655
-0.047
-0.478
-0.071
-0.255
-0.151
0.447
-0.481
-0.042
0.37
-0.054
0.054
1.287
-0.198
-0.211
0.063
-0.184
-0.213
-0.224
-0.602
-0.357
0.046
0.018
-0.007
-0.276
0.132
0.147
0.616
0.004
-0.493
-0.274
-0.6
0.097
1.157
0.526
0.17
-0.811
0.123
0.349
-0.105
0.074
-0.224
-0.029
0.014
-0.452
-1.124
-0.151
-0.151
-0.516
-0.025
0.402
-0.099
0.227
1.615
-0.099
-0.39
0.063
-0.417
0.023
-0.318
0.219
-0.66
0.329
-0.73
0.4
0.315
-0.131
0.038
0.002
-0.356
0.962
0.663
0.144
0.03
-0.287
-0.874
-0.471
-0.322
0.138
-0.012
-0.09
0.091
0.448
0.31
0.279
0.119
-0.117
-0.26
-0.189
-0.182
0.057
0.022
1.084
-0.05
0.879
1.595
0.138
-0.281
-0.023
0.168
0.888
0.438
0.023
0.035
0.296
-0.054
-0.052
-0.098
0.336
0.667
0.158
-0.966
-0.533
0.29
0.072
0.33
0.073
-0.034
0.135
0.026
-0.089
0.243
-0.374
-0.009
0.602
-0.036
-0.822
0.104
-2.152
-0.008
-0.209
0.061
-0.145
-0.16
-0.162
0.514
0.383
0.58
-0.932
0.022
0.133
-0.031
-0.037
0.161
-0.116
0.105
-0.04
0.161
-0.154
0.158
0.2
0.042
0.73
0.5
0.031
-0.115
0.826
-0.096
0.066
0.078
0.218
-0.053
-0.742
-0.582
0.378
-0.035
0.206
0.118
1.057
-0.502
-0.086
0.524
0.147
0.228
-0.129
0.118
-0.014
-0.128
-0.077
0.181
-0.14
-0.783
-0.181
0.518
0.536
0.08
0.02
0.681
-0.111
-1.529
-0.001
0.032
-0.023
-0.286
-0.238
-0.998
-0.02
0.227
-1.249
-0.093
0.166
-0.096
-0.039
0.089
-0.623
-0.157
-0.068
-0.57
-0.178
0.004
-0.124
0.379
-0.361
0.126
0.118
-0.88
-0.443
0.525
0.052
0.03
0.33
0.281
-0.775
0.731
0.126
0.11
-0.254
-1.005
0.277
0.225
0.377
-1.039
-1.847
0.409
-0.255
0.027
0.092
0.408
0.34
0.109
-1.407
0.228
0.369
0.089
0.061
0.328
0.086
-0.265
0.217
-0.103
-0.064
0.397
0.066
-0.097
-0.317
0.082
-0.31
-0.039
1.047
-0.021
-0.397
-0.2
-0.251
0.155
-0.136
0.103
0.1
0.571
-0.004
0.008
-0.074
-0.242
-0.46
0.076
0.101
0.315
-0.013
0.168
0.307
-0.017
-0.641
-0.33
0.184
0.052
-0.02
-0.032
-0.143
0.002
0.028
0.016
-0.184
-0.214
-0.17
-0.117
-0.53
-0.35
0.045
0.049
-0.027
-1.093
0.361
-0.015
-0.742
0.044
-0.499
0.171
-0.174
-0.209
0.004
0.483
-0.661
0.064
-1.363
0.588
-0.043
0.253
0.467
-0.097
0.575
0.304
0.129
0.309
-0.227
0.108
-0.562
0.138
-0.297
0.08
0.247
-0.129
-0.306
0.025
0.652
-0.423
-0.693
0.007
0.011
-0.004
-0.47
-0.473
0.453
0.589
1.213
0.06
-0.063
0.42
0.828
-0.237
-0.744
-0.463
-0.167
-0.413
0.126
0.168
0.404
0.378
-0.35
0.016
0.076
-0.327
0.09
0.706
-0.175
-0.213
0.133
-0.003
0.087
-0.142
0.059
0.034
-0.077
-0.515
0.021
-0.149
0.029
0.132
1.517
-0.853
-0.362
0.571
-0.125
0.222
0.327
0.253
0.636
-0.245
-0.282
-0.027
0.613
-0.299
-0.099
-0.574
-0.028
1.005
-0.125
-0.351
0.435
0.059
0.253
-0.131
-0.079
0.221
0.021
-0.86
-0.161
-0.175
0.106
-1.634
0.571
-0.196
0.446
0.006
-1.465
0.11
0.181
-0.252
0.009
-0.005
-0.708
0.406
0.301
0.084
0.05
-0.068
-0.127
-0.05
0.131
-0.255
0.154
-0.085
-0.041
0.026
0.047
0.176
-0.321
1.311
0.06
-0.151
0.025
0.185
0.17
-1.069
-0.113
-0.069
-0.051
-0.711
0.092
-0.289
-0.035
0.116
0.163
0.848
-0.432
0.494
1.101
-0.229
-0.345
0.937
0.238
-0.194
-0.052
-0.671
0.071
0.003
-0.234
0.39
0.88
-0.038
0.447
0.207
0.539
-0.27
0.021
-0.024
0.063
0.159
-0.639
0.125
0.459
0.306
-0.091
0.578
-0.637
-0.338
-0.301
-0.348
-0.379
-0.315
0.227
0.432
-0.35
-0.179
-0.03
-0.2
0.051
-0.146
0.101
-0.143
0.364
0.081
-0.163
0.121
0.526
-0.121
-0.213
-0.396
0.042
-0.023
-0.366
0.044
-0.239
0.407
0.156
-0.009
0.22
-0.348
0.262
-0.268
-0.343
-0.277
-0.42
0.727
0.063
0.186
0.188
0.175
-0.168
-0.474
-0.111
-0.104
0.368
0.221
0.306
0.128
0.27
0.435
-0.014
-0.252
0.066
-0.118
0.215
0.665
0.331
0.012
-0.013
0.509
0.355
-0.319
-0.515
-0.093
0.433
-0.477
-0.981
0.167
-0.011
-0.142
-0.442
-0.035
0.017
0.1
-0.285
0.189
-0.438
-0.014
0.465
-0.467
0.426
0.707
-0.053
-0.343
0.447
0.562
-0.092
0.808
-0.117
0.553
0.907
0.005
0.594
0.016
-0.633
-0.462
0.513
0.089
0.118
0.453
-0.526
0.023
0.035
1.35
-0.051
-0.056
0.066
-0.105
-0.215
-0.191
0.291
-0.415
-0.217
0.233
0.113
-0.024
0.671
-0.266
-0.478
0.296
0.504
0.296
0.334
0.13
-0.995
-0.921
-0.306
0.02
-0.335
-0.078
0.235
0.13
-0.178
-0.028
0.018
0.594
0.233
0.275
-0.154
-0.632
-0.532
-0.083
-0.101
-0.458
-0.679
0.233
-0.561
0.056
1.134
0.765
0.372
0.138
-0.359
0.103
0.042
-0.526
0.032
-0.025
0.121
0.026
0.155
-0.651
-0.008
0.482
0.691
0.495
-0.148
-0.046
1.137
0.311
-0.202
0.588
0.569
0.226
-0.271
0.212
-0.543
0.265
0.797
0.508
0.625
0.185
0.212
-0.014
-1.07
-0.128
0.462
-0.039
1.141
-0.224
0.124
0.026
-0.214
-0.344
-0.147
0.922
-0.211
0.3
0.136
0.536
-0.565
-0.548
-0.553
-0.019
0.263
-0.017
-0.2
-0.25
-0.084
-0.122
-0.761
-0.32
0.031
0.199
0.777
-0.561
0.016
-0.135
-0.473
-0.081
0.137
1.053
0.173
0.153
-0.13
0.531
-0.45
-0.315
-0.455
0.006
-0.045
-0.058
0.225
0.058
0.499
1.568
0.231
0.089
0.167
-0.106
0.019
0.632
-0.023
-0.084
0.686
-0.417
1.224
0.69
-0.437
-0.969
0.475
-0.065
-0.085
0.084
-0.503
0.721
0.029
-0.598
0.172
-0.21
-0.48
0.034
0.416
-0.191
-0.144
0.03
-2.405
-0.058
-0.524
-0.195
0.403
-0.963
-0.002
0.279
0.158
-0.546
0.083
0.329
-0.086
1.837
-0.2
0.204
-0.54
0.046
-0.286
0.421
-0.285
-0.03
0.06
0.056
-0.138
0.045
0.094
-0.354
0.087
0.011
-0.033
0.016
-0.079
-0.341
-0.004
-0.333
0.237
0.567
-0.859
-0.572
0.224
-0.7
-0.368
0.081
-0.165
-0.002
-0.136
-0.044
-0.155
-0.95
-0.515
-0.558
0.408
0.094
-0.111
-0.057
0.134
0.103
-0.292
-0.386
0.772
0.639
0.056
0.281
0.064
0.232
0.122
-0.183
-0.175
-0.225
0.135
0.213
-0.199
0.853
0.206
-0.285
-0.252
-0.568
-0.119
0.111
-0.155
0.18
0.382
-0.034
0.094
0.764
0.266
0.003
0.046
0.064
-0.049
0.125
-0.091
0.663
-0.31
-0.758
0.336
-0.016
-0.127
0.017
-0.035
-0.139
0.158
0.119
0.082
0.31
1.183
0.368
0.566
0.014
0.113
-0.156
-0.036
0.415
-0.185
-0.454
0.132
-0.057
-0.953
0.057
-0.559
-0.163
0.039
-0.01
-1.707
0.04
0.582
0.491
-0.546
0.077
-0.015
-0.829
-0.367
-0.097
-0.016
-0.039
-0.283
-0.225
-0.082
0.042
-0.337
0.585
0.261
0.338
-1.047
-0.044
-0.147
-0.196
0.021
-0.045
-0.679
0.225
0.66
0.44
0.683
0.432
0.327
-0.337
0.249
0.045
-0.175
0.149
0.042
-0.053
-0.608
-0.175
-0.33
-0.196
-0.216
-0.391
0.186
0.311
-0.081
0.02
-0.144
0.543
0.909
0.539
-0.886
-0.462
0.333
-0.233
-0.209
0.717
2.022
-0.159
-0.025
0.301
0.229
-1.146
-0.736
0.183
-0.077
-0.053
-0.844
-0.138
1.042
0.508
-0.947
0.295
0.961
0.265
0.222
0.59
-0.518
0.329
-0.568
-0.456
-0.572
-0.789
-0.065
0.271
0.179
0.452
0.114
-0.548
-0.176
-0.464
0.282
-1.555
-0.815
0.554
0.237
0.149
0.652
0.195
0.323
-0.116
0.127
0.221
0.033
0.288
0.103
0.168
-0.119
0.996
-0.351
-0.242
1.073
-0.827
-0.127
-1.47
-0.09
0.938
-0.761
-0.184
0.185
0.285
-0.09
-0.287
-0.136
0.615
-0.073
-0.239
0.245
0.318
-0.443
0.387
0.039
0.366
1.472
-0.579
0.529
-0.396
0.189
0.204
0.328
-0.089
-0.115
-0.256
0.174
-0.182
0.014
-0.217
0.177
0.318
0.625
0.151
0.905
0.176
0.056
-1.523
-0.235
-0.3
0.24
0.01
0.582
1.076
0.512
-0.132
-0.326
-0.586
-0.731
0.931
0.11
0.109
1.447
-0.207
0.347
-1.179
0.669
0.562
-0.308
0.052
0.07
0.948
-0.898
0.504
-0.218
-0.252
0.029
0.023
-0.03
0.066
0.228
0.654
-0.07
0.147
-0.622
-0.396
-0.558
-0.477
0.666
-0.187
-0.749
-1.425
-0.339
-1.157
-0.102
0.261
-0.082
0.389
-0.032
0.041
-0.893
0.82
0.906
0.127
-0.727
0.008
0.346
0.161
0.058
0.062
-0.161
0.503
-0.096
0.073
-0.29
-0.387
0.102
0.845
0.564
-0.788
0.195
-0.171
0.32
0.13
-0.297
-0.496
-0.334
0.23
0.181
0.32
-0.37
-1.024
0.176
-0.019
0.479
0.13
0.386
-0.029
-0.634
0.06
-1.025
0.29
-0.87
-0.18
0.193
0.242
0.253
-0.222
0.012
0.017
0.075
0.441
-0.214
0.149
0.443
-0.18
-0.227
-0.765
0.337
-0.858
0.453
-0.13
-0.123
-0.253
0.184
-1.125
0.698
0.093
0.04
-0.005
0.251
-0.274
0.371
0.073
-0.581
-0.149
0.086
-0.359
0.063
1.771
0.67
0.18
0.79
1.006
0.237
0.249
0.42
0.211
-0.575
0.42
-0.193
-0.095
1.072
0.011
-0.062
-0.215
-0.428
0.662
-0.098
0.057
0.064
0.124
-0.061
-0.271
0.054
0.009
-0.183
-0.97
0.03
-0.131
-0.107
-0.176
0.365
0.032
1.083
0.214
-0.424
-0.197
-0.361
0.393
-0.17
-0.358
-0.101
-0.12
-0.397
-0.041
0.102
0.296
-0.215
-0.126
-0.215
0.045
0.068
0.407
0.16
-0.307
0.109
0.064
0.343
0.098
-0.987
0.67
-0.054
-0.133
-0.344
-0.799
-0.133
-0.056
0.027
-0.332
0.131
0.081
0.4
-0.021
-0.31
0.198
-0.365
0.141
-0.016
0.12
0.154
-0.535
-0.322
-0.022
0.105
-0.703
-0.717
-0.152
0.133
-0.589
0.164
-0.183
0.589
-0.126
-0.875
0.493
0.4
0.043
-0.159
-0.412
-0.243
0.092
0.329
0.006
-0.125
-0.008
0.8
-0.063
-0.559
-0.211
-0.244
0.02
-0.262
-0.101
-0.011
-0.096
0.533
-0.205
-0.073
-0.276
-0.118
-0.101
-0.305
0.516
-0.733
0.011
0.01
-0.221
-0.003
-0.23
-0.241
-0.224
0.062
-0.101
0.305
0.307
-0.324
0.099
0.146
0.457
-0.175
-0.439
-0.277
0.785
0.406
-0.154
-0.703
0.514
-0.801
-0.155
0.452
-0.146
-0.864
0.441
-0.272
0.049
0.316
0.273
-0.254
0.445
-0.012
0.241
-0.71
0.016
0.275
-0.055
-0.113
-0.008
-0.351
-0.16
-0.841
-0.381
-0.128
-1.409
-0.318
0.91
0.742
0.089
0.124
-0.058
0.054
0.751
0.31
-0.678
-0.243
-0.285
-0.065
-0.243
0.285
0.63
1.228
0.369
-0.317
0.038
0.331
0.242
0.012
0.481
0.167
0.255
0.437
0.218
0.075
0.293
0.368
-0.022
0.012
-0.457
0.693
-0.009
-0.421
-0.197
0.778
-0.156
-0.37
-0.04
-0.382
0.734
-0.047
-0.129
-0.046
-0.184
0.763
0.006
-0.192
-0.453
-0.303
0.297
0.311
0.066
-0.098
0.23
-0.24
0.016
0.028
-0.009
0.653
-1.197
-0.124
-0.008
-0.651
-0.102
-0.027
0.048
-0.099
-0.195
0.137
0.541
-0.067
-0.865
0.626
0.894
0.187
0.03
-0.141
0.215
-0.483
0.354
0.489
1.132
-0.079
-0.053
0.609
-0.196
0.022
0.03
-0.658
0.145
0.213
-0.059
-0.608
0.398
-0.015
0.155
0.18
-0.343
0.063
0.618
-0.66
0.279
0.394
0.558
-0.514
0.101
0.308
1.275
-0.317
0.091
-1.171
0.036
0.114
0.351
-0.711
0.33
-0.129
0.206
-1.214
0.249
0.027
0.181
0.001
-0.121
0.064
-0.186
0.137
0.308
0.222
0.223
0.177
-0.065
-1.085
0.24
-0.253
0.056
0.139
-0.007
-0.244
0.222
-0.031
0.066
-0.427
0.353
-0.06
0.181
0.314
-0.013
-0.316
-0.235
-0.245
0.097
-0.248
0.179
-0.119
0.007
0.939
0.363
-0.076
-0.059
0.979
0.803
-0.087
-0.293
0.036
1.453
0.157
0.537
0.3
-0.027
-0.148
-0.007
-0.083
-0.04
-0.232
-0.673
-0.104
-0.052
-0.056
-0.276
0.821
0.046
-0.114
0.136
-0.304
0.36
0.067
-0.415
0.606
-0.075
-0.414
-0.133
-0.413
-0.335
0.576
-0.292
0.106
0.125
-0.779
-0.198
0.315
-0.336
0.06
-0.056
0.621
-0.184
-1.928
0.571
0.071
0.141
-0.08
0.02
0.177
-0.44
-0.152
0.144
-0.379
0.655
-1.995
0.192
-0.001
0.153
0.221
0.759
-0.057
0.503
-0.162
0.018
0.175
-0.507
-0.131
0.146
-0.131
-0.418
0.184
0.354
-0.07
0.458
0.16
0.096
0.004
-0.005
0.049
0.157
0.386
0.259
0.195
-0.22
0.205
-0.366
-0.296
0.057
-0.096
-0.149
-0.148
1.173
-0.165
0.181
0.668
0.264
0.164
0.117
0.119
0.314
0.022
-0.259
0.113
0.01
-0.984
0.295
-0.124
-0.136
0.041
0.664
0.108
0.438
-0.092
-0.208
0.149
0.385
0.267
0.044
-0.131
-0.522
-0.116
0.719
0.108
-0.016
0.757
0.484
-0.307
0.261
-0.061
0.507
-0.117
-0.305
-0.004
0.026
0.147
-0.125
-0.719
-0.24
0.311
0.043
-0.079
0.205
0.238
-0.025
-1.491
-0.03
0.216
0.503
0.072
-0.091
0.524
0.374
0.382
0.004
-0.155
0.526
-0.513
0.084
0.269
-0.187
-0.323
-0.098
0.026
0.376
0.923
-0.416
0.105
-0.04
0.015
-0.252
-0.222
0.348
0.012
0.604
-0.017
0.17
-0.037
0.283
0.107
0.577
0.183
-0.25
0.105
-1.705
-0.141
-0.445
0.134
0.114
0.353
-0.095
-0.226
0.076
0.053
0.038
-2.146
-0.17
0.096
-0.153
-0.334
-0.032
-0.314
0.004
-0.209
0.313
0.508
-0.197
2.116
0.379
0.661
0.029
0.113
0.289
0.264
0.113
0.262
-0.825
0.048
0.013
0.004
-0.188
-0.236
-0.535
-0.727
0.272
0.323
-0.109
-0.195
-0.084
0.169
0.028
0.104
-0.036
-0.452
0.64
-0.107
0.387
-0.065
0.504
-0.045
0.215
0.178
1.195
0.313
0.055
0.013
0.382
0.493
0.092
0.186
-0.123
-0.025
0.352
-0.007
0.803
-0.001
0.527
-0.625
-0.234
-0.502
-0.113
0.103
-0.706
0.144
0.016
0.237
-0.321
-0.642
-0.081
-0.256
-0.064
-0.091
-0.473
-0.063
-0.662
0.543
-0.059
0.189
-0.101
-0.068
-0.175
-0.101
0.269
0.179
0.055
-0.186
-0.322
0.537
0.082
0.427
0.208
0.061
0.115
-0.024
0.683
-0.637
0.284
-0.161
0.193
0.374
-0.983
0.04
0.118
0.151
0.177
-0.018
-0.348
0.982
0.204
-0.103
0.283
-0.744
0.039
0.831
-0.028
-0.174
0.057
0.55
0.098
-0.557
0.439
0.056
0.221
-0.027
0.482
-0.273
0.223
-0.38
0.321
-1.285
-0.163
-0.184
0.141
-0.086
0.126
-0.087
-0.201
0.407
-0.797
-0.437
0.218
0.305
0.136
-0.165
-0.05
0.378
0.372
-0.965
0.371
-0.197
-0.037
-0.695
0.377
0.082
-0.941
0.161
0.585
-0.124
0.142
-0.524
0.139
0.113
-0.612
0.352
0.154
0.119
-0.633
0.613
-0.431
0.256
0.107
0.056
0.337
0.355
0.036
-0.614
0.038
-0.305
0.301
-0.044
-0.003
-0.145
-0.139
0.518
-0.133
-0.925
0.45
-0.283
-0.129
0.145
-0.384
0.173
0.036
0.237
-0.055
0.041
-0.508
0.33
0.259
-0.015
0.015
0.701
0.273
0.867
0.118
-0.045
0.084
0.044
0.161
-0.123
0.104
0.077
0.293
-0.9
-1
0.117
0.355
0.331
0.261
0.213
-0.441
0.094
0.289
0.346
-1.458
0.043
0.191
0.945
0.206
-0.056
0.26
-0.029
-0.156
0.128
-1.348
-0.278
0.159
0.32
-0.568
-0.07
-0.137
-0.169
0.201
-0.909
-0.66
-0.744
-0.109
0.424
-0.312
-0.147
-0.093
-0.07
-0.351
-0.395
-0.316
0.509
0.055
-0.073
-1.061
0.612
-0.817
0.847
0.373
-1.509
0.214
-0.216
0.255
0.339
0.111
-0.353
-0.358
0.033
1.081
0.35
0.62
0.245
-0.486
0.381
-0.004
-0.111
-0.969
0.114
-0.162
0.194
0.315
0.367
-0.667
-0.378
-0.244
-0.685
-0.071
0.083
0.665
0.447
0.1
-0.288
-0.429
0.55
-0.336
0.187
-0.445
0.081
0.224
-0.025
-0.28
-0.035
-0.092
-0.18
-0.194
0.442
-1.05
-0.109
-0.906
0.23
0.071
1.121
0.214
0.202
0.228
0.195
-0.763
0.4
0.604
0.137
-0.027
-0.298
-0.47
-0.238
-0.024
0.306
-0.412
0.292
-0.159
-0.85
0.2
-0.267
-0.082
0.374
0.179
-0.374
0.629
0.356
-0.076
0.519
0.15
-0.183
-0.202
-0.187
-0.223
-0.054
0.522
-0.145
-0.36
-0.027
-0.255
-0.07
-0.558
0.034
-0.127
-0.367
0.277
0.019
0.048
-0.374
-0.126
0.394
-0.081
0.06
0.013
0.204
0.357
-0.215
0.109
0.435
0.592
0.219
0.181
-0.078
1.441
-0.375
0.062
-0.405
0.005
-0.028
0.003
-0.047
0.228
0.178
-0.43
-0.205
-0.493
0.355
0.377
0.353
-0.202
0.65
-0.011
-0.03
-0.032
0.034
0.402
-0.073
-0.598
0.044
0.002
-1.039
-0.782
-0.33
0.807
-0.57
-1.023
-0.467
0.093
0.496
-0.006
0.089
-0.364
-0.632
-0.09
-0.245
-0.178
0.164
-0.625
0.331
-0.054
0.207
0.494
0.294
1.404
0.16
0.273
-0.2
0.854
-0.506
0.201
-0.215
-0.199
-0.153
-0.017
-0.051
-0.324
-0.22
0.148
0.144
0.108
-0.213
-0.061
-0.213
-0.194
-0.79
-0.016
0.201
-0.478
-0.407
-0.091
0.303
0.339
1.369
-0.386
0.286
-0.181
0.504
0.582
0.767
-0.477
0.265
-0.153
-0.153
0.162
-1.55
-0.393
0.016
1.224
-0.277
-0.152
-0.427
-0.051
-0.236
-0.39
-0.578
-0.747
-0.489
1.384
-0.6
0.294
-0.262
-0.052
-0.132
-0.616
-0.121
0.295
-0.322
-0.169
-0.006
0.184
-0.168
-0.773
0.409
-0.471
0.621
-0.202
0.246
-0.431
0.315
-0.151
-0.055
0.128
0.121
0.062
0.114
-0.282
0.022
0.076
0.301
-0.482
0.008
0.114
-0.173
-0.132
0.801
-0.622
-1.072
-0.162
-0.371
-0.238
0.358
-0.017
0.58
-0.009
-0.039
-0.069
-0.154
-0.316
-0.576
0.236
0.309
0.16
-0.524
-0.203
0.891
-0.046
-0.308
-0.247
0.327
-0.15
0.098
-0.013
-0.015
-0.174
0.965
0.216
-0.564
0.128
-0.183
0.048
-0.197
0.313
-0.005
-1.787
0.272
0.214
0.633
0.642
-0.986
0.082
0.036
0.602
0.286
0.659
0.919
0.229
0.04
0.859
0.075
0.231
-0.192
-0.044
-0.271
-0.192
-1.282
-0.337
0.124
-0.053
-0.229
0.155
-0.004
0.58
0.302
0.851
0.023
0.668
0.688
0.183
0.068
-0.031
0.451
-0.016
-0.586
0.788
-0.156
-0.165
0.334
-0.015
0.238
-0.066
0.814
-0.112
-0.167
0.358
0.494
-0.699
-0.005
0.198
-0.135
0.241
-0.078
0.098
0.239
-0.627
-0.189
0.363
-0.208
0.146
0.169
-0.705
0.054
-0.083
0.98
-0.9
-0.843
0.289
0.159
0.033
-0.048
0.596
0.018
-0.138
0.028
-0.469
-0.162
-0.161
-0.117
-0.291
0.137
0.168
-1.175
-0.018
-0.766
0.356
-0.167
-0.338
-0.088
0.181
-0.736
-0.944
-0.176
0.224
0.202
0.431
-0.192
-0.183
-0.2
-0.116
1.04
1.086
-0.18
0.549
-0.921
0.303
0.041
0.144
0.137
0.481
-0.348
0.421
0.41
0.377
0.463
-1.062
-0.364
-0.22
-0.215
0.214
0.098
-0.049
0.238
-0.37
0.219
0.277
-0.311
0.332
0.327
-0.111
0.194
0.359
-0.119
-0.005
-0.252
0.189
0.024
-0.583
-0.167
-0.015
-0.065
-0.098
-0.239
-0.416
-0.518
-0.521
-0.383
-0.255
0.412
0.11
-0.007
-1.023
-0.636
-0.173
0.022
-0.566
-0.071
-0.659
-0.44
-0.755
1.323
0.428
-0.037
0.245
-0.107
-0.206
0.087
0.076
-0.195
-0.114
0.26
0.422
0.205
-0.339
-0.04
0.197
0.13
0.105
0.434
0.028
0.021
0.076
-0.052
-0.279
0.277
-1.738
-0.428
-0.041
0.183
0.025
-0.381
-0.033
-0.218
0.228
0.525
-0.297
0.667
-0.022
-0.178
0.124
-0.462
-0.585
-1.552
0.084
-0.513
0.329
-0.26
-0.31
0.105
-0.191
0.107
0.134
0.082
-0.411
-0.789
-0.309
0.68
0.241
-0.262
0.291
1.133
0.554
-0.204
-0.02
-1.176
-0.157
0.284
-0.505
0.383
-0.335
0.047
0.525
0.246
-0.076
-0.007
-0.321
-0.071
0.932
-0.064
0.027
-0.206
0.155
0.014
-0.209
0.013
0.817
0.511
-0.112
0.369
1.013
0.266
0.184
0.31
-0.241
-0.185
0.114
0.324
-0.871
-1.305
-0.157
0.397
-0.103
0.378
-0.472
-0.939
0.124
-2.181
0.006
0.101
-0.014
0.331
-0.074
-0.339
0.116
0.701
1.039
0.558
0.133
-0.158
-0.109
0.176
-1.091
0.004
-0.071
-0.029
-0.197
-0.043
-0.336
-0.471
-0.33
-0.01
-0.362
0.231
-0.103
0.178
-0.084
0.15
0.506
0.279
-0.38
-0.092
0.147
-0.221
0.237
0.288
-0.187
-0.131
-0.143
0.574
0.296
-0.323
0.228
-0.029
0.07
-0.163
-0.453
0.019
-0.361
-0.156
0.695
-0.007
0.61
-0.026
-0.672
-0.13
0.04
-0.236
-0.078
0.092
0.053
0.566
-0.439
-0.197
-0.24
-1.514
0.259
-0.038
-0.377
-0.226
-0.244
0.421
0.101
-0.504
0.171
0.029
-0.503
0.01
-0.128
0.342
-0.052
-1.459
-0.095
-0.383
-0.078
-0.465
-0.076
0.383
-0.049
-0.255
0.39
-0.259
0.086
-1.358
-0.074
-0.493
-0.013
0.027
0.175
0.18
0.047
0.113
1.412
-0.866
-0.3
-0.123
-0.606
0.323
0.302
0.308
-0.24
-0.097
0.04
-0.158
0.15
-1.08
0.125
0.095
0.049
0.058
1.607
0.232
-0.058
-0.085
0.657
0.844
-0.236
-0.201
-0.194
0.089
-0.453
-0.016
0.117
0.239
0.042
1.015
-0.243
0.005
-0.13
-0.142
0.001
2.049
-0.313
-0.725
-0.87
-0.499
0.28
-0.144
-0.051
-0.131
0.133
0.575
0.428
0.034
0.036
0.069
0.542
0.277
-0.062
-0.13
0.182
0.302
0.899
0.282
0.134
0.81
0.227
-0.051
-0.1
0.556
-0.369
0.615
0.032
0.117
0.174
-0.055
-0.258
-0.423
-0.666
-0.067
0.252
0.583
-0.264
-0.788
-0.708
-0.57
-0.078
-0.012
-0.29
0.192
-0.197
-0.028
0.138
-0.065
-0.185
0.838
-0.342
-0.593
0.681
0.375
0.238
0.835
-0.077
-0.049
0.257
0.037
-0.373
-0.089
-0.263
0.085
0.365
0.679
-0.307
-0.248
0.522
-0.001
0.348
0.679
0.176
-0.219
-0.067
-0.004
-0.093
0.261
-0.425
-0.387
0.295
0.576
-0.039
-0.879
-0.047
0.295
-0.059
0.02
-0.234
0.14
0.148
-0.046
0.507
0.036
0.896
0.059
0.15
-0.051
0.407
-0.029
0.116
0.331
0.554
-0.334
0.529
-0.255
0.202
0.18
0.019
0.37
0.025
-0.09
0.143
0.673
0.056
0.287
-1.783
0.206
0.622
-0.112
1.062
0.137
-0.198
-0.042
0.551
-0.194
0.773
-0.632
0.05
-1.141
0.278
-0.698
0.062
-0.251
0.015
0.114
0.536
0.701
-0.439
-0.03
-0.059
-0.071
-0.373
-0.275
0.104
-0.148
-0.009
0.278
-0.054
0.752
-0.029
-0.067
-1.073
-0.817
0.166
0.085
1.153
0.028
-0.453
1.073
-0.27
-0.298
0.403
-0.125
0.215
0.088
0.388
-0.078
0.313
-0.483
-0.036
0.098
-0.009
-0.245
-0.382
-0.242
-0.409
-0.188
0.049
0.861
0.338
-0.567
0.102
-0.051
0.283
-0.311
0.346
0.292
0.096
0.289
0.027
0.108
-0.202
-0.16
0.015
0.334
-0.269
-0.245
-0.72
-0.062
-0.586
-0.429
0.157
0.253
-0.463
-0.134
0.474
-0.09
-0.089
-0.226
-0.277
-0.98
0.271
-1.052
0.251
-0.361
0.095
-0.059
0.135
0.02
0.58
-0.153
0.117
-0.098
-0.18
0.516
0.253
0.078
-0.033
-0.15
0.57
-1.434
-0.346
-0.142
0.193
-0.648
0.037
0.094
-0.332
0.72
0.064
0.013
-0.308
-0.056
0.569
-0.015
0.278
-0.176
-0.105
-0.29
0.913
0.325
0.041
0.103
-0.206
-0.393
0.301
-0.052
0.19
-0.241
0.278
0.484
0.059
0.385
-0.201
0.434
0.048
-0.261
0.221
-0.171
0.344
-0.273
-0.155
-0.543
-0.193
0.246
-0.356
-0.942
-0.083
-0.137
0.529
0.149
0.008
0.941
0.008
0.218
0.218
0.316
-0.066
0.546
-0.065
-0.012
-0.489
-0.17
0.067
-0.099
-0.391
-0.648
-0.197
0.504
-0.365
0.242
0.019
-0.098
-0.059
0.438
-0.07
-0.097
-0.264
0.2
0.483
-0.039
-0.064
0.798
0.209
-0.061
-0.42
0.109
-0.179
-0.45
0.11
-0.502
-0.193
-0.227
0.02
-0.095
0.092
0.795
0.742
0.555
-0.026
-0.188
-0.06
-0.017
-0.452
0.193
0.283
0.298
-0.215
0.664
0.367
0.013
-0.124
-0.29
0.124
-0.054
-0.314
-0.353
-0.073
0.61
-0.097
0.23
-0.064
0.357
0.024
-0.004
-0.261
-0.207
0.274
0.046
-0.249
-0.074
-0.092
-0.082
0.069
0.263
0.076
0.016
0.208
0.042
0.113
-0.934
0.185
-0.03
-0.391
0.161
0.036
0.541
0.137
0.318
-0.056
-0.024
-0.412
-0.259
-0.319
0.039
-0.122
-0.102
-0.294
-0.049
-0.252
-0.08
-0.241
-0.271
-0.187
0.022
-0.362
0.008
0.076
0.25
-0.016
0.049
-0.359
0.106
-0.018
0.07
0.468
0.226
0.257
0.377
-0.123
-0.028
0.351
0.271
-0.553
-0.036
-0.051
0.095
0.281
0.024
0.09
-0.042
-0.131
-0.238
-0.406
0.364
0.094
0.063
-0.091
-0.452
0.965
-0.626
-0.085
-0.123
0.072
0.004
-0.144
-0.31
0.174
0.068
-0.242
0.262
-0.172
-0.632
-0.037
-0.383
-0.121
-0.199
-0.46
-0.176
-0.332
-0.013
0.202
-0.042
-0.219
0.103
-0.008
-0.155
-0.149
0.066
0.488
-0.478
0.605
0.052
-0.408
0.442
-0.208
1.721
-0.109
0.048
0.357
-0.171
0.276
0.495
-1.139
0.285
-0.446
-0.191
0.358
0.269
-0.083
-0.056
0.108
0.164
-0.192
-0.122
-0.061
-0.901
-0.173
0.495
-0.153
0.094
1.564
0.248
-0.106
0.031
0.077
0.038
-0.244
-0.043
-0.113
-0.38
-0.151
-0.282
0.27
0.132
0.193
-0.054
-0.758
0.02
0.696
-0.423
-0.194
0.17
-0.44
0.066
0.46
0.347
-0.737
0.264
0.119
-1.575
0.117
-0.057
-0.401
0.277
0.125
0.369
0.156
-0.296
-0.095
0.733
0.171
0.406
0.073
0.119
-0.019
0.327
-0.788
-0.146
-1.208
0.301
0.144
-0.097
0.946
-0.055
0.264
0.396
0.072
0.119
0.06
-0.281
0.008
-1.114
-0.697
0.01
0.02
0.54
-0.226
-0.062
0.33
0.273
0.088
-0.633
0.422
0.401
0.564
0.066
-0.2
-0.121
-0.114
1.996
-1.099
-0.466
-1.199
0.141
-0.041
0.592
-0.088
0.275
-0.305
-0.138
0.464
-0.686
0.089
0.231
-0.132
-0.173
-0.172
0.336
-0.318
0.462
-0.247
1.003
-0.244
0.146
-0.034
0.178
0.237
-0.147
0.427
0.397
-0.227
-0.151
0.475
-0.255
-0.762
-0.967
-0.826
0.425
0.055
0.245
0.024
0.119
0.123
0.213
-0.07
0.561
0.152
-0.171
0.076
-0.321
-0.948
0.178
0.414
0.09
0.109
0.743
0.033
-0.041
-0.087
2.047
0.379
-0.457
0.602
0.001
-0.124
0.131
-0.046
-0.274
-0.124
0.375
0.161
0.346
0.15
-0.2
-0.011
0.471
0.056
-0.094
-0.032
0.852
-0.202
-0.583
-0.021
0.001
-0.194
-0.056
-0.047
0.135
-0.655
0.116
-0.025
0.197
0.005
-0.559
0.433
0.325
0.183
0.072
0.036
0.371
0.787
0.579
-0.104
0.152
0.14
0.409
0.004
0.055
0.366
-0.283
-0.095
-0.322
-1.102
-0.347
0.018
-0.24
-0.183
0.149
-0.46
0.362
-0.168
-0.1
-0.009
-0.353
0.641
1.138
-0.395
1.122
-0.286
0.265
0.777
0.382
0.003
-0.535
-2.153
0.223
0.187
0.936
1.877
-0.004
0.152
0.114
0.219
-0.035
0.791
0.598
-0.024
0.643
-0.609
-0.24
0.415
0.092
0.34
-0.299
0.116
0.121
0.436
-0.022
-2.214
0.557
-0.737
0.17
0.253
-0.136
0.66
-1.449
0.122
-0.157
0.122
0.127
-1.374
-0.239
-0.108
-0.038
-0.112
-0.031
-0.181
-0.299
-0.015
-0.393
0.251
-0.43
-0.17
-0.389
0.019
-0.139
0.409
-0.423
0.075
0.509
0.562
-0.033
0.319
-0.08
-0.145
0.207
0.25
-0.145
-0.068
0.162
-0.18
0.168
0.777
0.189
-0.067
-0.298
-0.184
-0.362
-0.335
0.278
0.1
-0.02
-0.535
0.21
-0.212
-0.062
0.274
-0.059
0.22
0.188
0.245
0.261
-0.111
-0.045
0.465
-0.144
-0.156
-0.062
0.236
-0.392
0.535
-0.229
0.036
-0.268
1.736
-0.132
-0.417
-0.527
0.132
0.293
-0.055
-0.141
0.941
0.41
0.13
-0.252
0.149
0.565
0.038
-0.195
0.241
0.077
-0.719
0.268
-0.093
0.065
0.133
0.1
-0.157
0.003
0.245
-0.136
0.227
0.038
-0.078
-0.356
0.246
-0.097
0.05
0.056
0.225
-0.23
-0.292
0.05
0.579
0.535
-0.93
-0.622
0.081
-0.185
-0.63
-0.097
-0.453
0.213
0.206
-0.302
-0.051
0.708
-0.022
-0.104
-0.006
0.156
0.016
0.095
-0.443
-0.094
0.101
-0.275
0.394
-0.317
0.646
0.108
0.106
-0.013
-0.121
-0.357
-0.188
-0.214
-0.155
-0.301
-0.026
1.067
1.172
-0.234
0.164
-0.229
-0.047
-0.252
2.786
-0.057
0.154
-0.124
0.281
-0.437
0.22
0.212
0.179
-0.195
0.628
0.034
0.248
0.059
0.185
0.147
0.003
0.983
-0.364
0.048
-0.885
-0.264
0.022
0.301
-0.083
0.154
-0.434
0.055
-0.238
0.523
0.441
0.408
0.326
0.056
-0.03
-0.069
-0.084
-0.012
0.072
-0.227
-0.254
-0.737
-0.299
-0.099
0.019
-0.091
-0.422
0.165
0.198
-0.686
1.262
-0.184
0.028
0.152
-1.15
-0.539
-0.553
-0.757
-0.011
0.213
0.094
0.425
0.323
-0.162
0.137
-0.159
0.219
0.505
0.548
-1.086
-0.752
-0.118
0.49
0.876
0.12
0.113
-0.421
-0.926
0.326
-0.105
-0.505
-0.37
0.114
0.284
-0.301
-0.043
0.819
-0.224
-0.405
-0.529
0.239
-0.26
-0.513
0.656
-1.13
-0.832
0.4
0.086
0.106
1.357
-0.474
-0.297
0.629
-0.328
0.152
0.31
-0.511
0.347
0.429
0.064
-0.261
-0.543
0.006
-0.245
-0.012
-0.063
-0.939
-0.266
0.306
0.054
-0.162
-0.077
-0.075
-0.06
-0.579
-0.285
0.15
0.35
0.294
0.059
-0.089
-0.105
0.017
-0.22
0.341
-0.1
0.122
-0.194
0.002
0.114
0.145
0.303
-0.166
0.045
0.301
0.255
-0.409
-0.12
-0.189
0.47
0.078
0.08
0.042
0.204
-0.028
-0.049
-0.55
0.012
0.282
0.517
-0.227
-0.038
-0.217
0.114
0.134
0.259
0.104
-0.145
-0.518
-0.33
0.319
-0.284
0.465
0.056
-0.775
-0.084
-1.257
0.067
0.108
0.598
0.043
0.697
0.084
0.148
-0.443
-0.325
0.192
-0.534
0.325
0.666
-0.188
-0.341
0.37
-0.67
-0.489
-0.043
0.748
0.022
-0.302
-0.644
-0.032
-0.568
-0.658
-0.619
0.569
-0.492
0.029
-0.498
-0.106
-1.099
0.218
-0.835
0.046
-0.753
0.131
-0.07
0.08
-0.105
1.739
0.299
0.449
-0.253
-1.771
-0.163
1.166
0.19
0.207
-0.151
-0.104
-0.044
0.622
0.683
-0.349
-1.388
0.094
-0.038
-0.314
0.25
-1.101
0.138
0.277
-0.313
0.217
0.458
0.207
-1.334
0.106
-0.228
0.606
-0.024
-0.39
-0.925
-0.259
-0.001
0.111
-0.138
0.447
-1.022
0.599
-0.371
-0.167
0.306
0.261
-0.225
-0.693
0.019
-0.117
-0.339
-0.815
-0.189
0.734
-0.052
0.024
0.186
0.55
0.208
-0.154
0.138
0.639
0.264
0.213
0.811
0.088
-1.611
-0.84
-0.744
0.028
-0.317
-0.36
-0.077
-0.728
0.121
-0.052
-0.224
-0.323
0.794
0.182
-0.329
-0.361
0.189
0.446
0.358
-0.214
-0.019
-0.193
2.004
-0.78
-0.078
0.077
-0.201
0.931
-0.113
-0.163
-0.58
0.382
-0.208
-0.221
-0.074
0.134
-0.966
0.072
-0.481
-0.355
-0.028
0.121
-0.072
0.422
0.541
0.365
-0.229
0.458
-0.029
-0.613
0.309
-0.163
-0.279
0.122
-0.242
0.334
0.111
-0.283
0.546
1.076
-0.112
0.395
-0.113
0.687
0.388
0.175
-0.237
-0.316
0.585
-0.645
0.341
0.255
0.022
0.372
2.03
-0.189
0.088
-0.033
-0.004
0.04
0.069
-0.321
0.257
-4.054
0.172
0.187
0.361
0.2
-0.048
-0.064
0.336
-0.08
-0.286
-0.443
1.125
0.329
-0.709
0.819
-0.322
0.175
0.669
0.745
0.035
0.079
-0.109
0.207
-0.955
-0.632
-0.853
0.178
-0.531
-0.136
-0.121
-0.287
-0.236
-0.564
0.324
0.544
-0.203
0.356
0.256
-0.484
0.565
0.085
0.091
0.011
-0.074
-0.069
-0.784
0.591
0.318
0.284
-0.324
-0.63
-0.058
-0.705
0.204
0.511
-0.422
-0.267
0.121
-0.267
0.87
-0.558
0.035
-0.058
-0.241
0.264
0.132
-0.159
-0.252
-0.752
-1.238
-0.69
-0.286
0.09
-1.545
-0.035
1.259
-0.521
0.265
0.094
-0.029
-0.573
-0.142
0.605
-0.076
0.015
0.145
0.413
0.104
-0.609
0.508
0.145
-0.282
-0.459
0.542
-0.744
0.23
-0.094
-0.179
0.057
-0.126
-0.569
0.509
-0.232
0.62
-0.379
-0.107
-0.23
2.172
1.022
-0.067
0.349
0.051
0.049
-0.325
0.097
0.137
0.062
0.085
0.017
-0.369
-0.158
-0.462
0.059
0.902
0.006
-0.068
0.213
0.017
-0.115
-0.196
-0.199
1.652
-0.016
-0.046
-0.592
0.035
-0.076
1.502
-0.294
-0.043
0.485
-0.088
0.183
-0.026
-0.019
-0.08
0.491
0.51
0.157
0.121
0.494
-0.015
0.159
0.26
-0.31
-0.264
-0.028
0.934
0.009
-0.103
-0.919
-0.97
0.487
-0.887
0.531
-0.377
-0.024
0.161
0.148
-0.052
0.407
0.552
-1.01
0.309
-2.167
0.322
-0.11
0.382
-0.036
0.014
-0.707
0.2
-1.198
-0.169
-0.164
0.162
-0.482
-0.156
-0.18
0.004
0.086
-0.172
0.113
-0.519
0.659
-0.048
-0.213
-0.56
-0.32
0.046
-0.144
-0.248
-0.009
0.923
-0.823
0.169
-0.225
-0.136
0.326
-0.036
-0.133
0.399
0.388
-0.145
-0.04
1.312
-0.131
0.101
0.71
-0.626
0.136
-0.023
0.417
0.208
0.013
-0.13
0.151
0.494
-0.036
0.211
-0.211
0.256
0.36
-0.625
-0.144
0.272
-0.372
0.043
-0.03
-0.06
0.15
-0.098
-0.427
-0.284
0.322
0.911
0.382
-0.152
0.498
-0.391
0.369
-0.585
-0.159
0.707
0.198
0.466
0.068
0.084
-0.197
2.108
0.422
0.026
-0.355
-0.035
0.221
0.119
-0.743
0.373
-0.05
0.138
-0.015
-0.761
-0.108
-2.496
0.204
-0.367
0.414
-0.125
0.03
1.118
0.058
-0.358
0.762
0.022
0.075
0.932
0.054
-0.176
0.394
1.59
0.655
-1.088
0.188
-0.143
0.062
0.062
0.452
-0.002
-0.264
0.251
0.093
-0.032
0.119
0.206
0.627
0.12
0.131
0.372
0.348
-0.074
0.443
0.693
-0.593
-0.012
-0.263
0.366
-0.354
-0.638
-0.058
-0.31
-0.398
0.704
-0.087
0.41
0.138
0.053
-0.232
-0.051
0.169
-0.386
0.369
1.635
0.138
0.027
-0.099
0.387
-0.238
-0.773
-0.296
-0.889
0.486
0.76
-0.279
0.036
0.853
-0.119
-0.479
0.061
0.255
0.67
0.404
0.185
0.61
-0.199
-0.314
-0.989
0.035
-0.349
-1.163
0.487
0.794
0.817
-0.105
-0.453
0.157
0.034
0.874
-0.413
-0.59
0.131
-0.431
0.797
-0.062
-0.076
-0.273
-1.119
0.196
-0.34
-0.837
-0.956
-0.064
-0.375
-1.584
0.205
-0.22
-0.222
-0.361
-0.095
0.561
-0.054
0.338
0.06
-0.74
-0.158
-0.014
-0.366
-0.125
-0.302
-0.422
-0.03
-0.159
-0.333
0.244
0.04
0.107
-0.435
-0.227
-1.538
0.239
-0.574
-0.021
0.043
0.071
-0.567
-0.057
-0.73
-0.457
-0.065
0.057
1.16
-0.024
0.015
0.674
-0.06
-1.612
-0.773
0.301
0.465
-0.263
-0.027
-0.194
-0.137
-0.239
-0.42
0.064
0.155
-0.05
0.276
-0.47
-0.196
-0.05
-0.105
-0.065
0.892
0.905
-0.009
-0.751
-0.148
0.384
-0.036
0.303
-0.044
-0.494
0.354
-0.033
-0.701
0.171
-0.104
0.054
-0.484
-0.166
0.069
-0.226
0.057
-0.834
-0.816
-0.113
0.261
0.279
-0.042
-0.154
0.2
-0.015
-0.18
0.335
0.051
0.056
0.096
1.649
-0.469
-0.423
-0.216
0.059
0.608
0.449
0.159
-0.345
0.193
0.205
-0.098
0.089
-0.106
-0.039
0.469
0.503
-0.584
-0.196
0.146
0.311
-0.089
0.416
-0.078
0.078
-0.401
0.748
-0.269
0.011
0.228
0.373
-0.172
0.17
-0.265
-0.661
0.056
-0.114
0.288
0.962
0.012
0.942
-0.035
-0.018
0.06
-0.532
0.135
0.017
-0.05
0.26
-0.003
0.146
-0.612
-0.976
-0.659
-0.302
-0.702
-0.746
-0.271
0.904
-0.005
-0.712
-0.157
0.268
-0.05
0.208
0.229
0.003
0.077
0.143
0.005
-0.615
-0.212
0.663
-0.068
0.281
0.15
-0.012
0.584
0.164
-0.115
0.176
0.256
-0.212
-0.256
-0.438
-0.17
-0.143
-0.551
-1.236
-0.35
-0.957
0.103
-0.107
-0.182
0.451
0.06
-0.721
-0.483
0.351
0.188
0.061
0.699
-0.356
1.055
0.126
1.119
0.028
0.341
-0.687
-0.22
0.846
0.133
0.134
0.45
0.23
0.445
-0.112
-0.346
0.668
0.043
-0.6
0.511
0.184
0.169
0.196
2.379
0.133
-0.752
-0.291
-0.114
-0.047
-0.36
-0.129
0.313
0.098
0.472
-0.154
-0.808
-0.661
-0.112
-0.001
-0.841
0.393
-0.342
0.166
0.189
-0.533
0.146
-0.601
0.01
-0.01
0.013
0.057
-0.474
-0.471
-0.84
-0.153
-0.172
0.107
-0.361
0.367
0.306
-1.059
-0.214
0.669
0.753
1.317
0.062
0.055
0.31
-0.759
-0.929
-0.152
0.382
2.998
0.559
-0.292
0.685
0.057
-0.066
-0.019
-0.949
-0.01
0.04
-0.173
0.047
0.094
0.146
-0.053
-0.057
-0.125
0.076
0.322
-0.163
0.177
0.318
-0.12
-0.068
0.887
-0.195
0.083
-0.378
0.015
-0.28
-0.546
0.324
-0.302
0.042
-0.154
0.269
0.377
-0.055
1.236
0.162
0.183
0.559
0.187
-0.142
0.485
-0.378
-0.647
-0.068
0.173
-0.041
0.135
0.272
0.11
0.49
-0.494
0.347
-0.406
-0.086
-0.143
-0.473
0.327
-0.274
0.154
0.093
-1.386
-0.014
0.062
-0.249
0.284
-0.229
-0.275
-0.139
-0.157
0.159
0.099
0.07
0.542
-1.118
0.427
-0.119
0.07
-0.062
-0.27
0.073
0.263
0.246
0.192
0.643
-0.18
1.093
0.129
-0.693
0.666
-0.004
-0.015
0.165
0.099
-1.1
-0.189
-0.198
-0.269
-0.383
0.106
-0.125
-0.465
-0.345
0.132
-0.296
-0.424
0.354
0.334
-0.362
0.375
0.32
0.02
0.013
0.041
0.531
-0.172
0.276
0.161
-0.322
0.437
-0.212
-0.058
-0.59
0.231
0.236
-0.007
-0.19
0.103
0.284
-0.121
0.47
-0.386
-1.018
0.665
-1.444
0.09
0.119
-0.088
0.946
-0.288
0.217
-0.662
-0.21
-0.213
0.502
0.698
-0.808
-0.13
0.169
0.473
0.265
0.168
-0.106
0.134
-1.433
0.613
-0.219
-0.217
-0.009
0.077
-1.294
0.167
-0.173
0.446
0.013
0.087
-0.557
1.178
0.408
0.383
0.481
-1.883
-0.118
-0.749
-0.165
0.012
0.82
0.127
0.033
0.221
0.061
0.397
-0.702
0.121
0.517
-0.74
-0.295
0.218
0.066
-0.554
-0.104
0.154
-0.162
-0.013
0.244
0.98
0.037
-0.016
-0.255
-0.31
-0.012
-0.223
-0.289
-0.175
-0.033
-0.116
-0.061
0.587
0.188
-0.103
0.067
-0.015
0.748
-0.12
-0.062
0.65
0.173
0.392
0.568
0.074
-0.08
0.111
0.074
-0.121
-0.19
-0.212
-0.035
0.174
0.135
-0.536
-0.236
0.389
0.247
-0.034
0.021
0.711
0.058
-0.045
-0.542
0.1
0.16
-0.139
0.77
-0.192
-0.106
-0.042
-0.283
-0.023
0.614
0.114
-0.7
-0.088
-0.183
-0.922
0.279
0.006
0.329
-0.154
0.163
0.319
0.702
0.036
0.079
0.045
-0.16
-0.081
-0.017
-0.571
-0.276
0.22
-0.105
1.194
-0.348
-0.443
-0.411
0.454
-0.292
0.032
-0.09
-0.165
0.103
-0.532
0.284
-0.21
-0.215
-0.087
0.001
0.365
0.074
0.026
-0.456
-0.506
0.172
-0.085
0.225
-0.088
-0.212
0.395
-0.02
0.553
0.437
0.362
-0.36
0.12
0.279
-0.004
-0.003
-0.052
0.041
0.057
0.199
-0.112
-0.306
0.041
0.032
-0.079
0.116
-0.254
0.254
0.296
-0.448
-0.116
-0.139
0.238
-0.802
-0.922
-0.019
-1.365
0.194
0.226
0.1
0.079
0.149
0.145
0.177
0.453
-0.46
-0.386
-0.003
0.277
0.395
0.1
-0.307
0.396
-1.733
0.156
0.123
0.167
0.394
0.858
0.08
0.089
-0.411
-0.018
-0.529
-0.59
0.179
0.198
-0.056
0.317
-0.045
-0.731
-1.384
0.023
-0.066
0.356
0.183
-1.336
0.225
-0.027
-0.516
-0.014
-0.59
-0.332
-0.387
-0.86
0.069
-0.06
-0.084
0.063
-0.337
0.921
-0.355
0.055
-0.08
-0.536
0.046
1.096
0.953
0.269
-0.228
-0.159
-0.594
0.186
-0.833
0.323
-0.131
-0.044
-0.253
-1.167
-0.161
-0.068
0.282
0.25
-0.222
-0.145
0.341
-0.063
0.31
0.061
-0.103
-0.656
-0.513
0.081
0.262
-0.161
0
-0.114
0.457
-0.674
-0.395
0.184
-0.087
-0.355
0.515
-0.272
-0.101
-0.999
-0.104
0.255
-0.329
0.119
-0.33
0.082
0.478
0.348
0.061
-0.08
0.124
-0.089
-0.071
1.542
0.322
-0.146
-0.327
-0.725
-0.359
0.102
0.293
0.08
0.22
1.264
-0.113
-0.271
0.311
-0.067
-0.355
0.589
0.013
-0.144
-0.137
0.154
-1.037
0.147
-0.101
0.054
0.08
-0.232
0.639
0.099
-0.121
0.03
0.293
-0.509
0.148
0.216
0.156
0.292
-0.221
-0.029
-0.066
-0.024
0.477
-0.15
-0.251
-0.151
0.584
0.004
0.086
0.672
-0.398
-0.106
0.04
-0.408
-0.091
0.605
0.623
0.08
-0.031
-0.487
-0.041
-0.122
-0.226
-0.189
-0.097
0.124
0.321
-0.08
0.064
0.374
-0.064
-0.011
0.209
0.398
0.003
0.051
0.059
-0.036
-0.058
0.503
-0.595
0.725
0.041
1.239
0.635
0.138
0.189
-0.064
0.258
0.075
0.471
0.078
-0.075
-0.071
0.422
-0.162
-0.167
0.162
-0.102
0.497
-0.305
0.178
-0.577
0.314
0.619
1.16
-0.375
-0.381
-0.312
-0.251
0.142
-0.2
-0.298
0.047
0.023
0.332
0.068
-0.316
0.663
-0.384
0.363
0.133
-0.055
-0.084
1.098
0.603
1.059
-0.099
-0.195
-0.473
-0.145
-0.125
-1.108
-1.253
0.512
-0.531
-0.347
0.015
0.407
-1.042
0.323
0.182
0.008
0.225
0.567
-0.369
-0.027
0.044
0.264
-0.079
-0.106
-0.041
0.174
-0.015
0.216
0.134
0.205
-0.04
0.354
-0.113
0.883
-0.015
0.137
-0.471
-0.004
0.247
0.283
-0.049
0.067
-0.016
0.267
0.025
0.253
0.181
0.073
0.176
0.348
1.04
0.718
-0.185
0.686
-0.457
0.94
-0.391
0.611
-0.157
-0.163
0.302
0.181
0.329
-0.317
-0.386
-0.206
-0.201
0.095
0.191
0.514
-0.364
-0.911
0.283
0.728
0.034
-0.024
-0.163
-0.306
-0.326
-0.205
-0.09
0.429
0.446
0.054
0.106
0.184
0.125
0.211
-0.373
0.127
-0.375
-0.081
0.502
0.097
-0.7
-0.283
-0.244
0.083
-0.423
0.075
-0.161
-0.309
-0.316
0.033
0.353
0.027
0.087
0.423
0.055
-0.193
0.838
-1.593
0.691
-0.071
0.446
-0.618
0.073
-0.174
-0.173
-0.167
-0.057
-0.233
0.202
0.182
0.292
-0.893
0.315
0.285
0.375
-0.173
0.211
-0.649
-0.09
0.506
0.697
0.161
0.158
0.986
-0.606
0.545
0.046
0.335
-0.096
-0.229
-0.741
-0.742
0.686
0.434
0.283
0.013
0.254
0.725
0.032
-0.495
-0.007
-0.477
-0.113
-0.082
-0.766
0.21
0.381
-0.639
0.224
-0.212
-0.277
0.615
-0.357
-0.308
-0.13
-0.284
0.252
0.104
-0.38
-0.34
0.098
-0.183
-0.046
0.678
0.402
0.11
0.021
-0.323
-0.169
0.457
0.033
0.022
0.033
-0.259
-0.405
0.209
0.016
-0.022
0.278
0.524
0.639
-0.23
0.159
0.725
-0.796
-1.14
-0.908
